0,0,-1,0,0,0,0,0,0,0
10,0,-1,0,0,0,0,0,0,0
17,0,-1,0,0,0,0,0,0,0
25,0,-1,0,0,0,0,0,0,0
33,0,-1,0,0,0,0,0,0,0
40,0,-1,0,0,0,0,0,0,0
49,0,-1,0,0,0,0,0,0,0
57,0,-1,0,0,0,0,0,0,0
64,0,-1,0,0,0,0,0,0,0
73,0,-1,0,0,0,0,0,0,0
80,0,-1,0,0,0,0,0,0,0
88,0,-1,0,0,0,0,0,0,0
95,0,-1,0,0,0,0,0,0,0
103,0,-1,0,0,0,0,0,0,0
110,0,-1,0,0,0,0,0,0,0
118,0,-1,0,0,0,0,0,0,0
125,0,-1,0,0,0,0,0,0,0
135,4,-1,0,3,-2096,-1,-32,0,0
144,15,-1,0,3,-2360,-1,-120,0,0
153,23,-1,0,3,-3152,-3,-184,-2,0
162,32,-1,0,3,-3975,-5,-256,-4,-18142
170,41,-3,-15,3,-4161,-7,-328,-4,-55042
180,51,-5,-115,3,-4715,-11,-408,-6,-92794
188,58,-9,-180,3,-4407,-14,-464,-5,-138952
196,67,-15,-446,3,-3543,-19,-536,-4,-183777
205,76,-21,-549,3,-2839,-23,-600,-2,-216693
214,84,-25,-613,3,-3230,-29,-592,-4,-234453
222,93,-31,-581,3,-2523,-33,-520,-2,-266969
232,102,-35,-546,3,-2720,-38,-448,-3,-285905
240,111,-39,-508,3,-2329,-41,-376,-2,-313592
250,121,-43,-470,3,-2210,-45,-296,-2,-332564
260,129,-47,-396,3,-1647,-47,-232,0,-349400
268,139,-49,-378,3,-1461,-49,-152,0,-349400
276,147,-51,-332,3,-1107,-50,-88,1,-349400
285,156,-53,-300,3,-384,-50,-16,3,-340972
294,164,-55,-181,3,1917,-50,0,5,-316450
304,0,-55,-79,0,0,0,0,0,0
313,0,-54,-79,0,0,0,0,0,0
321,0,-54,-79,0,0,0,0,0,0
329,0,-55,-46,0,0,0,0,0,0
337,0,-55,-46,0,0,0,0,0,0
347,0,-55,-46,0,0,0,0,0,0
355,0,-55,-46,0,0,0,0,0,0
363,0,-55,-46,0,0,0,0,0,0
371,0,-55,-12,0,0,0,0,0,0
379,0,-55,-12,0,0,0,0,0,0
386,0,-55,-12,0,0,0,0,0,0
393,0,-55,-12,0,0,0,0,0,0
401,0,-55,-12,0,0,0,0,0,0
410,0,-55,-12,0,0,0,0,0,0
417,0,-55,-12,0,0,0,0,0,0
425,0,-55,0,0,0,0,0,0,0
433,0,-55,0,0,0,0,0,0,0
441,0,-55,0,0,0,0,0,0,0
450,0,-55,0,0,0,0,0,0,0
457,0,-55,0,0,0,0,0,0,0
465,0,-55,0,0,0,0,0,0,0
473,0,-55,-5,0,0,0,0,0,0
480,0,-55,-5,0,0,0,0,0,0
488,0,-55,-5,0,0,0,0,0,0
495,0,-55,-5,0,0,0,0,0,0
504,0,-55,-5,0,0,0,0,0,0
513,0,-55,-5,0,0,0,0,0,0
521,0,-55,-5,0,0,0,0,0,0
528,0,-55,0,0,0,0,0,0,0
535,0,-55,0,0,0,0,0,0,0
544,0,-55,0,0,0,0,0,0,0
551,0,-55,0,0,0,0,0,0,0
558,0,-55,0,0,0,0,0,0,0
566,0,-55,0,0,0,0,0,0,0
573,0,-55,0,0,0,0,0,0,0
581,0,-55,0,0,0,0,0,0,0
589,0,-55,0,0,0,0,0,0,0
596,0,-55,0,0,0,0,0,0,0
603,0,-55,0,0,0,0,0,0,0
610,0,-55,0,0,0,0,0,0,0
620,0,-55,0,0,0,0,0,0,0
627,0,-55,0,0,0,0,0,0,0
634,0,-55,0,0,0,0,0,0,0
643,0,-55,0,0,0,0,0,0,0
650,0,-55,0,0,0,0,0,0,0
658,0,-55,0,0,0,0,0,0,0
665,0,-55,0,0,0,0,0,0,0
673,0,-55,0,0,0,0,0,0,0
681,0,-55,0,0,0,0,0,0,0
690,0,-55,0,0,0,0,0,0,0
697,0,-55,0,0,0,0,0,0,0
704,0,-55,0,0,0,0,0,0,0
713,0,-55,0,0,0,0,0,0,0
721,0,-55,0,0,0,0,0,0,0
730,0,-55,0,0,0,0,0,0,0
737,0,-55,0,0,0,0,0,0,0
745,0,-55,0,0,0,0,0,0,0
754,0,-55,0,0,0,0,0,0,0
763,0,-55,0,0,0,0,0,0,0
770,0,-55,0,0,0,0,0,0,0
777,0,-55,0,0,0,0,0,0,0
785,0,-55,0,0,0,0,0,0,0
793,0,-55,0,0,0,0,0,0,0
800,0,-55,0,0,0,0,0,0,0
808,0,-55,0,0,0,0,0,0,0
815,0,-55,0,0,0,0,0,0,0
823,0,-55,0,0,0,0,0,0,0
831,0,-55,0,0,0,0,0,0,0
838,0,-55,0,0,0,0,0,0,0
845,0,-55,0,0,0,0,0,0,0
853,0,-55,0,0,0,0,0,0,0
860,0,-55,0,0,0,0,0,0,0
868,0,-55,0,0,0,0,0,0,0
875,0,-55,0,0,0,0,0,0,0
883,0,-55,0,0,0,0,0,0,0
891,0,-55,0,0,0,0,0,0,0
900,0,-55,0,0,0,0,0,0,0
907,0,-55,0,0,0,0,0,0,0
914,0,-55,0,0,0,0,0,0,0
922,0,-55,0,0,0,0,0,0,0
931,0,-55,0,0,0,0,0,0,0
938,0,-55,0,0,0,0,0,0,0
946,0,-55,0,0,0,0,0,0,0
953,0,-55,0,0,0,0,0,0,0
960,0,-55,0,0,0,0,0,0,0
967,0,-55,0,0,0,0,0,0,0
975,0,-55,0,0,0,0,0,0,0
983,0,-55,0,0,0,0,0,0,0
991,0,-55,0,0,0,0,0,0,0
1000,0,-55,0,0,0,0,0,0,0
1007,0,-55,0,0,0,0,0,0,0
1015,0,-55,0,0,0,0,0,0,0
1023,0,-55,0,0,0,0,0,0,0
1030,0,-55,0,0,0,0,0,0,0
1038,0,-55,0,0,0,0,0,0,0
1046,0,-55,0,0,0,0,0,0,0
1053,0,-55,0,0,0,0,0,0,0
1060,0,-55,0,0,0,0,0,0,0
1068,0,-55,0,0,0,0,0,0,0
1075,0,-55,0,0,0,0,0,0,0
1083,0,-55,0,0,0,0,0,0,0
1090,0,-55,0,0,0,0,0,0,0
1098,0,-55,0,0,0,0,0,0,0
1105,0,-55,0,0,0,0,0,0,0
1113,0,-55,0,0,0,0,0,0,0
1120,0,-55,0,0,0,0,0,0,0
1128,0,-55,0,0,0,0,0,0,0
1135,0,-55,0,0,0,0,0,0,0
1143,0,-55,0,0,0,0,0,0,0
1152,0,-55,0,0,0,0,0,0,0
1160,0,-55,0,0,0,0,0,0,0
1168,0,-55,0,0,0,0,0,0,0
1175,0,-55,0,0,0,0,0,0,0
1183,0,-55,0,0,0,0,0,0,0
1190,0,-55,0,0,0,0,0,0,0
1198,0,-55,0,0,0,0,0,0,0
1206,0,-55,0,0,0,0,0,0,0
1213,0,-55,0,0,0,0,0,0,0
1221,0,-55,0,0,0,0,0,0,0
1229,0,-55,0,0,0,0,0,0,0
1237,0,-55,0,0,0,0,0,0,0
1244,0,-55,0,0,0,0,0,0,0
1251,0,-55,0,0,0,0,0,0,0
1260,0,-55,0,0,0,0,0,0,0
1267,0,-55,0,0,0,0,0,0,0
1276,0,-55,0,0,0,0,0,0,0
1283,0,-55,0,0,0,0,0,0,0
1291,0,-55,0,0,0,0,0,0,0
1300,0,-55,0,0,0,0,0,0,0
1307,0,-55,0,0,0,0,0,0,0
1314,0,-55,0,0,0,0,0,0,0
1322,0,-55,0,0,0,0,0,0,0
1330,0,-55,0,0,0,0,0,0,0
1338,0,-55,0,0,0,0,0,0,0
1346,4,-55,0,3,-2096,-55,-32,0,0
1356,15,-55,0,3,-2360,-55,-120,0,0
1365,24,-55,0,3,-3176,-57,-192,-2,0
1374,32,-55,0,3,-3974,-59,-256,-4,-16922
1382,40,-55,0,3,-4779,-61,-320,-6,-48538
1392,50,-59,-18,3,-4990,-65,-400,-6,-111712
1401,59,-65,-77,3,-4451,-69,-472,-4,-166024
1410,68,-71,-573,3,-2893,-74,-544,-3,-202164
1420,78,-77,-611,3,-2611,-79,-584,-2,-231774
1428,86,-81,-587,3,-2497,-83,-520,-2,-246886
1437,95,-85,-531,3,-2757,-88,-448,-3,-265500
1446,104,-89,-478,3,-2410,-91,-376,-2,-290385
1454,112,-91,-451,3,-2605,-94,-312,-3,-307869
1463,120,-95,-395,3,-1991,-96,-248,-1,-332325
1471,129,-97,-377,3,-1833,-98,-176,-1,-341371
1480,139,-101,-324,3,-856,-99,-96,2,-350727
1489,147,-103,-293,3,-450,-100,-32,3,-333947
1497,155,-103,-293,3,1656,-100,0,3,-309479
1506,165,-105,-162,3,1874,-100,0,5,-281141
1516,0,-104,-74,0,0,0,0,0,0
1525,0,-104,-74,0,0,0,0,0,0
1533,0,-104,-74,0,0,0,0,0,0
1543,0,-104,0,0,0,0,0,0,0
1550,0,-104,0,0,0,0,0,0,0
1560,0,-104,0,0,0,0,0,0,0
1568,0,-104,0,0,0,0,0,0,0
1576,0,-104,0,0,0,0,0,0,0
1583,0,-104,0,0,0,0,0,0,0
1590,0,-104,11,0,0,0,0,0,0
1598,0,-104,11,0,0,0,0,0,0
1606,0,-104,11,0,0,0,0,0,0
1613,0,-104,11,0,0,0,0,0,0
1620,0,-104,11,0,0,0,0,0,0
1628,0,-104,11,0,0,0,0,0,0
1635,0,-104,11,0,0,0,0,0,0
1643,0,-104,0,0,0,0,0,0,0
1651,0,-104,0,0,0,0,0,0,0
1660,0,-104,0,0,0,0,0,0,0
1667,0,-104,0,0,0,0,0,0,0
1674,0,-104,0,0,0,0,0,0,0
1683,0,-104,0,0,0,0,0,0,0
1690,0,-104,6,0,0,0,0,0,0
1698,0,-104,6,0,0,0,0,0,0
1705,0,-104,6,0,0,0,0,0,0
1713,0,-104,6,0,0,0,0,0,0
1721,0,-104,6,0,0,0,0,0,0
1728,0,-104,6,0,0,0,0,0,0
1736,0,-104,6,0,0,0,0,0,0
1743,0,-104,0,0,0,0,0,0,0
1750,0,-104,0,0,0,0,0,0,0
1756,0,-104,0,0,0,0,0,0,0
1765,0,-104,0,0,0,0,0,0,0
1773,0,-104,0,0,0,0,0,0,0
1780,0,-104,0,0,0,0,0,0,0
1787,0,-104,0,0,0,0,0,0,0
1796,0,-104,0,0,0,0,0,0,0
1803,0,-104,0,0,0,0,0,0,0
1810,0,-104,0,0,0,0,0,0,0
1817,0,-104,0,0,0,0,0,0,0
1825,0,-104,0,0,0,0,0,0,0
1833,0,-104,0,0,0,0,0,0,0
1840,0,-104,0,0,0,0,0,0,0
1848,0,-104,0,0,0,0,0,0,0
1855,0,-104,0,0,0,0,0,0,0
1864,0,-104,0,0,0,0,0,0,0
1871,0,-104,0,0,0,0,0,0,0
1879,0,-104,0,0,0,0,0,0,0
1886,0,-104,0,0,0,0,0,0,0
1894,0,-104,0,0,0,0,0,0,0
1903,0,-104,0,0,0,0,0,0,0
1910,0,-104,0,0,0,0,0,0,0
1918,0,-104,0,0,0,0,0,0,0
1926,0,-104,0,0,0,0,0,0,0
1934,0,-104,0,0,0,0,0,0,0
1943,0,-104,0,0,0,0,0,0,0
1950,0,-104,0,0,0,0,0,0,0
1957,0,-104,0,0,0,0,0,0,0
1965,0,-104,0,0,0,0,0,0,0
1973,0,-104,0,0,0,0,0,0,0
1980,0,-104,0,0,0,0,0,0,0
1988,0,-104,0,0,0,0,0,0,0
1995,0,-104,0,0,0,0,0,0,0
2003,0,-104,0,0,0,0,0,0,0
2012,0,-104,0,0,0,0,0,0,0
2020,0,-104,0,0,0,0,0,0,0
2027,0,-104,0,0,0,0,0,0,0
2034,0,-104,0,0,0,0,0,0,0
2043,0,-104,0,0,0,0,0,0,0
2050,0,-104,0,0,0,0,0,0,0
2058,0,-104,0,0,0,0,0,0,0
2065,0,-104,0,0,0,0,0,0,0
2073,0,-104,0,0,0,0,0,0,0
2080,0,-104,0,0,0,0,0,0,0
2088,0,-104,0,0,0,0,0,0,0
2095,0,-104,0,0,0,0,0,0,0
2103,0,-104,0,0,0,0,0,0,0
2111,0,-104,0,0,0,0,0,0,0
2120,0,-104,0,0,0,0,0,0,0
2127,0,-104,0,0,0,0,0,0,0
2134,0,-104,0,0,0,0,0,0,0
2143,0,-104,0,0,0,0,0,0,0
2151,0,-104,0,0,0,0,0,0,0
2158,0,-104,0,0,0,0,0,0,0
2165,0,-104,0,0,0,0,0,0,0
2173,0,-104,0,0,0,0,0,0,0
2180,0,-104,0,0,0,0,0,0,0
2188,0,-104,0,0,0,0,0,0,0
2196,0,-104,0,0,0,0,0,0,0
2203,0,-104,0,0,0,0,0,0,0
2210,0,-104,0,0,0,0,0,0,0
2218,0,-104,0,0,0,0,0,0,0
2226,0,-104,0,0,0,0,0,0,0
2233,0,-104,0,0,0,0,0,0,0
2240,0,-104,0,0,0,0,0,0,0
2248,0,-104,0,0,0,0,0,0,0
2255,0,-104,0,0,0,0,0,0,0
2263,0,-104,0,0,0,0,0,0,0
2270,0,-104,0,0,0,0,0,0,0
2278,0,-104,0,0,0,0,0,0,0
2285,0,-104,0,0,0,0,0,0,0
2293,0,-104,0,0,0,0,0,0,0
2301,0,-104,0,0,0,0,0,0,0
2310,0,-104,0,0,0,0,0,0,0
2317,0,-104,0,0,0,0,0,0,0
2324,0,-104,0,0,0,0,0,0,0
2333,0,-104,0,0,0,0,0,0,0
2340,0,-104,0,0,0,0,0,0,0
2348,0,-104,0,0,0,0,0,0,0
2356,0,-104,0,0,0,0,0,0,0
2364,0,-104,0,0,0,0,0,0,0
2372,0,-104,0,0,0,0,0,0,0
2380,0,-104,0,0,0,0,0,0,0
2387,0,-104,0,0,0,0,0,0,0
2395,0,-104,0,0,0,0,0,0,0
2403,0,-104,0,0,0,0,0,0,0
2410,0,-104,0,0,0,0,0,0,0
2418,0,-104,0,0,0,0,0,0,0
2426,0,-104,0,0,0,0,0,0,0
2433,0,-104,0,0,0,0,0,0,0
2441,0,-104,0,0,0,0,0,0,0
2448,0,-104,0,0,0,0,0,0,0
2456,0,-104,0,0,0,0,0,0,0
2463,0,-104,0,0,0,0,0,0,0
2470,0,-104,0,0,0,0,0,0,0
2478,0,-104,0,0,0,0,0,0,0
2485,0,-104,0,0,0,0,0,0,0
2493,0,-104,0,0,0,0,0,0,0
2500,0,-104,0,0,0,0,0,0,0
2510,0,-104,0,0,0,0,0,0,0
2517,0,-104,0,0,0,0,0,0,0
2525,0,-104,0,0,0,0,0,0,0
2533,0,-104,0,0,0,0,0,0,0
2541,0,-104,0,0,0,0,0,0,0
2548,0,-104,0,0,0,0,0,0,0
2558,0,-104,0,3,300,-103,0,1,0
2567,12,-104,0,3,2592,-103,96,1,11431
2578,23,-104,0,3,3456,-101,184,3,11431
2586,31,-104,0,3,3948,-100,248,4,11431
2595,39,-102,13,3,4401,-97,312,5,11431
2604,47,-98,37,3,4237,-94,376,4,52546
2614,57,-91,501,3,2201,-90,456,1,92626
2621,66,-86,527,3,2043,-86,528,0,100885
2631,75,-82,593,3,2361,-81,600,1,100885
2640,84,-78,535,3,2838,-76,600,2,109936
2649,94,-74,469,3,3572,-70,576,4,128546
2657,102,-70,467,3,3698,-65,512,5,159722
2666,110,-64,501,3,2821,-61,448,3,202007
2674,119,-60,550,3,2168,-58,376,2,227744
2684,127,-54,566,3,1036,-55,312,-1,245522
2692,136,-50,532,3,318,-53,240,-3,237179
2701,145,-48,479,3,250,-51,168,-3,208670
2710,154,-46,374,3,39,-50,96,-4,183641
2719,164,-46,173,3,686,-49,16,-3,143357
2727,172,-44,173,3,-2272,-50,0,-6,119918
2737,0,-45,65,0,0,0,0,0,0
2745,0,-45,65,0,0,0,0,0,0
2754,0,-44,40,0,0,0,0,0,0
2763,0,-44,40,0,0,0,0,0,0
2770,0,-45,0,0,0,0,0,0,0
2778,0,-45,0,0,0,0,0,0,0
2785,0,-45,0,0,0,0,0,0,0
2793,0,-45,0,0,0,0,0,0,0
2800,0,-45,0,0,0,0,0,0,0
2807,0,-45,0,0,0,0,0,0,0
2816,0,-45,0,0,0,0,0,0,0
2824,0,-45,-10,0,0,0,0,0,0
2831,0,-45,-10,0,0,0,0,0,0
2840,0,-45,-10,0,0,0,0,0,0
2847,0,-45,-10,0,0,0,0,0,0
2855,0,-45,-10,0,0,0,0,0,0
2863,0,-45,-10,0,0,0,0,0,0
2871,0,-45,0,0,0,0,0,0,0
2877,0,-45,0,0,0,0,0,0,0
2886,0,-45,0,0,0,0,0,0,0
2893,0,-45,0,0,0,0,0,0,0
2901,0,-45,0,0,0,0,0,0,0
2908,0,-45,0,0,0,0,0,0,0
2915,0,-45,0,0,0,0,0,0,0
2923,0,-45,-6,0,0,0,0,0,0
2930,0,-45,-6,0,0,0,0,0,0
2938,0,-45,-6,0,0,0,0,0,0
2945,0,-45,-6,0,0,0,0,0,0
2953,0,-45,-6,0,0,0,0,0,0
2960,0,-45,-6,0,0,0,0,0,0
2968,0,-45,0,0,0,0,0,0,0
2976,0,-45,0,0,0,0,0,0,0
2983,0,-45,0,0,0,0,0,0,0
2990,0,-45,0,0,0,0,0,0,0
2998,0,-45,0,0,0,0,0,0,0
3006,0,-45,0,0,0,0,0,0,0
3013,0,-45,0,0,0,0,0,0,0
3020,0,-45,0,0,0,0,0,0,0
3028,0,-45,0,0,0,0,0,0,0
3036,0,-45,0,0,0,0,0,0,0
3043,0,-45,0,0,0,0,0,0,0
3050,0,-45,0,0,0,0,0,0,0
3058,0,-45,0,0,0,0,0,0,0
3065,0,-45,0,0,0,0,0,0,0
3073,0,-45,0,0,0,0,0,0,0
3080,0,-45,0,0,0,0,0,0,0
3088,0,-45,0,0,0,0,0,0,0
3095,0,-45,0,0,0,0,0,0,0
3103,0,-45,0,0,0,0,0,0,0
3110,0,-45,0,0,0,0,0,0,0
3118,0,-45,0,0,0,0,0,0,0
3125,0,-45,0,0,0,0,0,0,0
3133,0,-45,0,0,0,0,0,0,0
3141,0,-45,0,0,0,0,0,0,0
3150,0,-45,0,0,0,0,0,0,0
3157,0,-45,0,0,0,0,0,0,0
3164,0,-45,0,0,0,0,0,0,0
3173,0,-45,0,0,0,0,0,0,0
3180,0,-45,0,0,0,0,0,0,0
3189,0,-45,0,0,0,0,0,0,0
3196,0,-45,0,0,0,0,0,0,0
3203,0,-45,0,0,0,0,0,0,0
3212,0,-45,0,0,0,0,0,0,0
3220,0,-45,0,0,0,0,0,0,0
3227,0,-45,0,0,0,0,0,0,0
3235,0,-45,0,0,0,0,0,0,0
3243,0,-45,0,0,0,0,0,0,0
3250,0,-45,0,0,0,0,0,0,0
3257,0,-45,0,0,0,0,0,0,0
3265,0,-45,0,0,0,0,0,0,0
3273,0,-45,0,0,0,0,0,0,0
3280,0,-45,0,0,0,0,0,0,0
3288,0,-45,0,0,0,0,0,0,0
3295,0,-45,0,0,0,0,0,0,0
3303,0,-45,0,0,0,0,0,0,0
3311,0,-45,0,0,0,0,0,0,0
3319,0,-45,0,0,0,0,0,0,0
3326,0,-45,0,0,0,0,0,0,0
3335,0,-45,0,0,0,0,0,0,0
3343,0,-45,0,0,0,0,0,0,0
3350,0,-45,0,0,0,0,0,0,0
3358,0,-45,0,0,0,0,0,0,0
3365,0,-45,0,0,0,0,0,0,0
3373,0,-45,0,0,0,0,0,0,0
3380,0,-45,0,0,0,0,0,0,0
3388,0,-45,0,0,0,0,0,0,0
3395,0,-45,0,0,0,0,0,0,0
3403,0,-45,0,0,0,0,0,0,0
3411,0,-45,0,0,0,0,0,0,0
3419,0,-45,0,0,0,0,0,0,0
3426,0,-45,0,0,0,0,0,0,0
3434,0,-45,0,0,0,0,0,0,0
3441,0,-45,0,0,0,0,0,0,0
3449,0,-45,0,0,0,0,0,0,0
3457,0,-45,0,0,0,0,0,0,0
3464,0,-45,0,0,0,0,0,0,0
3470,0,-45,0,0,0,0,0,0,0
3478,0,-45,0,0,0,0,0,0,0
3486,0,-45,0,0,0,0,0,0,0
3493,0,-45,0,0,0,0,0,0,0
3500,0,-45,0,0,0,0,0,0,0
3508,0,-45,0,0,0,0,0,0,0
3515,0,-45,0,0,0,0,0,0,0
3523,0,-45,0,0,0,0,0,0,0
3535,0,-45,0,0,0,0,0,0,0
3543,0,-45,0,0,0,0,0,0,0
3550,0,-45,0,0,0,0,0,0,0
3558,0,-45,0,0,0,0,0,0,0
3565,0,-45,0,0,0,0,0,0,0
3573,0,-45,0,0,0,0,0,0,0
3581,0,-45,0,0,0,0,0,0,0
3590,0,-45,0,0,0,0,0,0,0
3597,0,-45,0,0,0,0,0,0,0
3605,0,-45,0,0,0,0,0,0,0
3613,0,-45,0,0,0,0,0,0,0
3620,0,-45,0,0,0,0,0,0,0
3628,0,-45,0,0,0,0,0,0,0
3636,0,-45,0,0,0,0,0,0,0
3643,0,-45,0,0,0,0,0,0,0
3650,0,-45,0,0,0,0,0,0,0
3657,0,-45,0,0,0,0,0,0,0
3665,0,-45,0,0,0,0,0,0,0
3673,0,-45,0,0,0,0,0,0,0
3680,0,-45,0,0,0,0,0,0,0
3688,0,-45,0,0,0,0,0,0,0
3695,0,-45,0,0,0,0,0,0,0
3703,0,-45,0,0,0,0,0,0,0
3710,0,-45,0,0,0,0,0,0,0
3717,0,-45,0,0,0,0,0,0,0
3725,0,-45,0,0,0,0,0,0,0
3733,0,-45,0,0,0,0,0,0,0
3741,0,-45,0,0,0,0,0,0,0
3750,0,-45,0,0,0,0,0,0,0
3757,0,-45,0,0,0,0,0,0,0
3766,5,-45,0,3,2420,-44,40,1,0
3775,15,-44,6,3,2646,-43,120,1,10467
3785,25,-44,6,3,3190,-42,200,2,20021
3794,34,-42,40,3,3311,-40,272,2,38837
3803,43,-40,137,3,3543,-37,344,3,55709
3813,52,-36,203,3,3271,-34,416,2,81806
3822,62,-32,405,3,3213,-29,496,3,102320
3831,71,-26,477,3,2925,-24,568,2,130034
3840,80,-22,495,3,3178,-19,568,3,148978
3848,88,-18,497,3,3289,-14,504,4,172969
3857,97,-14,503,3,3070,-10,432,4,208057
3866,105,-10,514,3,2558,-7,368,3,240197
3874,114,-5,509,3,1767,-4,296,1,266345
3883,122,-2,498,3,1311,-2,232,0,274077
3893,132,2,435,3,660,0,152,-2,274077
3902,142,4,354,3,56,0,72,-4,255575
3910,151,6,269,3,-2520,0,0,-6,218091
3920,0,5,92,0,0,0,0,0,0
3930,0,5,92,0,0,0,0,0,0
3940,0,5,92,0,0,0,0,0,0
3948,0,6,40,0,0,0,0,0,0
3956,0,6,40,0,0,0,0,0,0
3963,0,5,0,0,0,0,0,0,0
3971,0,5,0,0,0,0,0,0,0
3978,0,5,0,0,0,0,0,0,0
3985,0,5,0,0,0,0,0,0,0
3993,0,5,0,0,0,0,0,0,0
4000,0,5,0,0,0,0,0,0,0
4008,0,5,-10,0,0,0,0,0,0
4016,0,5,-10,0,0,0,0,0,0
4023,0,5,-10,0,0,0,0,0,0
4031,0,5,-10,0,0,0,0,0,0
4039,0,5,-10,0,0,0,0,0,0
4046,0,5,-10,0,0,0,0,0,0
4053,0,5,-10,0,0,0,0,0,0
4060,0,5,0,0,0,0,0,0,0
4070,0,5,0,0,0,0,0,0,0
4077,0,5,0,0,0,0,0,0,0
4084,0,5,0,0,0,0,0,0,0
4093,0,5,0,0,0,0,0,0,0
4100,0,5,0,0,0,0,0,0,0
4108,0,5,-6,0,0,0,0,0,0
4116,0,5,-6,0,0,0,0,0,0
4123,0,5,-6,0,0,0,0,0,0
4130,0,5,-6,0,0,0,0,0,0
4138,0,5,-6,0,0,0,0,0,0
4146,0,5,-6,0,0,0,0,0,0
4153,0,5,-6,0,0,0,0,0,0
4160,0,5,0,0,0,0,0,0,0
4167,0,5,0,0,0,0,0,0,0
4175,0,5,0,0,0,0,0,0,0
4183,0,5,0,0,0,0,0,0,0
4190,0,5,0,0,0,0,0,0,0
4198,0,5,0,0,0,0,0,0,0
4205,0,5,0,0,0,0,0,0,0
4213,0,5,0,0,0,0,0,0,0
4221,0,5,0,0,0,0,0,0,0
4228,0,5,0,0,0,0,0,0,0
4236,0,5,0,0,0,0,0,0,0
4243,0,5,0,0,0,0,0,0,0
4250,0,5,0,0,0,0,0,0,0
4258,0,5,0,0,0,0,0,0,0
4266,0,5,0,0,0,0,0,0,0
4273,0,5,0,0,0,0,0,0,0
4280,0,5,0,0,0,0,0,0,0
4288,0,5,0,0,0,0,0,0,0
4296,0,5,0,0,0,0,0,0,0
4304,0,5,0,0,0,0,0,0,0
4311,0,5,0,0,0,0,0,0,0
4318,0,5,0,0,0,0,0,0,0
4326,0,5,0,0,0,0,0,0,0
4333,0,5,0,0,0,0,0,0,0
4340,0,5,0,0,0,0,0,0,0
4349,0,5,0,0,0,0,0,0,0
4356,0,5,0,0,0,0,0,0,0
4363,0,5,0,0,0,0,0,0,0
4371,0,5,0,0,0,0,0,0,0
4379,0,5,0,0,0,0,0,0,0
4386,0,5,0,0,0,0,0,0,0
4393,0,5,0,0,0,0,0,0,0
4400,0,5,0,0,0,0,0,0,0
4410,0,5,0,0,0,0,0,0,0
4417,0,5,0,0,0,0,0,0,0
4424,0,5,0,0,0,0,0,0,0
4431,0,5,0,0,0,0,0,0,0
4440,0,5,0,0,0,0,0,0,0
4448,0,5,0,0,0,0,0,0,0
4455,0,5,0,0,0,0,0,0,0
4463,0,5,0,0,0,0,0,0,0
4470,0,5,0,0,0,0,0,0,0
4477,0,5,0,0,0,0,0,0,0
4486,0,5,0,0,0,0,0,0,0
4493,0,5,0,0,0,0,0,0,0
4500,0,5,0,0,0,0,0,0,0
4508,0,5,0,0,0,0,0,0,0
4515,0,5,0,0,0,0,0,0,0
4523,0,5,0,0,0,0,0,0,0
4530,0,5,0,0,0,0,0,0,0
4538,0,5,0,0,0,0,0,0,0
4545,0,5,0,0,0,0,0,0,0
4553,0,5,0,0,0,0,0,0,0
4560,0,5,0,0,0,0,0,0,0
4568,0,5,0,0,0,0,0,0,0
4575,0,5,0,0,0,0,0,0,0
4583,0,5,0,0,0,0,0,0,0
4591,0,5,0,0,0,0,0,0,0
4599,0,5,0,0,0,0,0,0,0
4606,0,5,0,0,0,0,0,0,0
4614,0,5,0,0,0,0,0,0,0
4621,0,5,0,0,0,0,0,0,0
4630,0,5,0,0,0,0,0,0,0
4637,0,5,0,0,0,0,0,0,0
4644,0,5,0,0,0,0,0,0,0
4653,0,5,0,0,0,0,0,0,0
4660,0,5,0,0,0,0,0,0,0
4668,0,5,0,0,0,0,0,0,0
4675,0,5,0,0,0,0,0,0,0
4683,0,5,0,0,0,0,0,0,0
4691,0,5,0,0,0,0,0,0,0
4698,0,5,0,0,0,0,0,0,0
4706,0,5,0,0,0,0,0,0,0
4713,0,5,0,0,0,0,0,0,0
4720,0,5,0,0,0,0,0,0,0
4728,0,5,0,0,0,0,0,0,0
4735,0,5,0,0,0,0,0,0,0
4743,0,5,0,0,0,0,0,0,0
4750,0,5,0,0,0,0,0,0,0
4757,0,5,0,0,0,0,0,0,0
4765,0,5,0,0,0,0,0,0,0
4773,0,5,0,0,0,0,0,0,0
4780,0,5,0,0,0,0,0,0,0
4787,0,5,0,0,0,0,0,0,0
4794,0,5,0,0,0,0,0,0,0
4803,0,5,0,0,0,0,0,0,0
4810,0,5,0,0,0,0,0,0,0
4818,0,5,0,0,0,0,0,0,0
4825,0,5,0,0,0,0,0,0,0
4833,0,5,0,0,0,0,0,0,0
4841,0,5,0,0,0,0,0,0,0
4848,0,5,0,0,0,0,0,0,0
4856,0,5,0,0,0,0,0,0,0
4863,0,5,0,0,0,0,0,0,0
4870,0,5,0,0,0,0,0,0,0
4878,0,5,0,0,0,0,0,0,0
4886,0,5,0,0,0,0,0,0,0
4893,0,5,0,0,0,0,0,0,0
4900,0,5,0,0,0,0,0,0,0
4908,0,5,0,0,0,0,0,0,0
4916,0,5,0,0,0,0,0,0,0
4923,0,5,0,0,0,0,0,0,0
4930,0,5,0,0,0,0,0,0,0
4939,2,5,0,3,2048,5,16,0,0
4948,11,6,5,3,1949,5,88,-1,0
4956,20,6,5,3,2462,6,160,0,-9104
4964,28,6,5,3,3254,8,224,2,-9104
4974,37,6,5,3,4075,10,296,4,7674
4982,45,6,5,3,5181,13,360,7,40718
4991,55,10,87,3,5202,17,440,7,109724
5001,65,16,76,3,4903,21,520,5,178667
5010,74,22,246,3,4628,27,592,5,225342
5021,85,30,717,3,2444,33,528,3,278882
5032,95,36,724,3,1895,38,448,2,308960
5040,104,42,670,3,948,41,376,-1,327612
5049,113,46,528,3,855,44,304,-2,318789
5057,121,48,378,3,1106,46,240,-2,302829
5066,130,50,289,3,1150,48,168,-2,284567
5074,138,50,289,3,1251,49,104,-1,267989
5083,147,49,82,3,2253,50,32,1,259260
5093,0,49,82,0,0,0,0,0,0
5102,0,49,82,0,0,0,0,0,0
5110,0,49,82,0,0,0,0,0,0
5120,0,49,82,0,0,0,0,0,0
5128,0,49,82,0,0,0,0,0,0
5136,0,49,13,0,0,0,0,0,0
5144,0,49,13,0,0,0,0,0,0
5153,0,49,13,0,0,0,0,0,0
5160,0,49,13,0,0,0,0,0,0
5170,0,49,13,0,0,0,0,0,0
5177,0,49,13,0,0,0,0,0,0
5185,0,49,0,0,0,0,0,0,0
5193,0,49,0,0,0,0,0,0,0
5200,0,49,0,0,0,0,0,0,0
5207,0,49,0,0,0,0,0,0,0
5215,0,49,0,0,0,0,0,0,0
5223,0,49,0,0,0,0,0,0,0
5230,0,49,-6,0,0,0,0,0,0
5239,0,49,-6,0,0,0,0,0,0
5247,0,49,-6,0,0,0,0,0,0
5254,0,49,-6,0,0,0,0,0,0
5263,0,49,-6,0,0,0,0,0,0
5270,0,49,-6,0,0,0,0,0,0
5278,0,49,-6,0,0,0,0,0,0
5285,0,49,0,0,0,0,0,0,0
5293,0,49,0,0,0,0,0,0,0
5300,0,49,0,0,0,0,0,0,0
5307,0,49,0,0,0,0,0,0,0
5315,0,49,0,0,0,0,0,0,0
5323,0,49,0,0,0,0,0,0,0
5331,0,49,0,0,0,0,0,0,0
5338,0,49,0,0,0,0,0,0,0
5345,0,49,0,0,0,0,0,0,0
5353,0,49,0,0,0,0,0,0,0
5360,0,49,0,0,0,0,0,0,0
5367,0,49,0,0,0,0,0,0,0
5375,0,49,0,0,0,0,0,0,0
5383,0,49,0,0,0,0,0,0,0
5390,0,49,0,0,0,0,0,0,0
5398,0,49,0,0,0,0,0,0,0
5406,0,49,0,0,0,0,0,0,0
5413,0,49,0,0,0,0,0,0,0
5421,0,49,0,0,0,0,0,0,0
5428,0,49,0,0,0,0,0,0,0
5436,0,49,0,0,0,0,0,0,0
5443,0,49,0,0,0,0,0,0,0
5450,0,49,0,0,0,0,0,0,0
5457,0,49,0,0,0,0,0,0,0
5465,0,49,0,0,0,0,0,0,0
5473,0,49,0,0,0,0,0,0,0
5480,0,49,0,0,0,0,0,0,0
5488,0,49,0,0,0,0,0,0,0
5495,0,49,0,0,0,0,0,0,0
5503,0,49,0,0,0,0,0,0,0
5510,0,49,0,0,0,0,0,0,0
5518,0,49,0,0,0,0,0,0,0
5526,0,49,0,0,0,0,0,0,0
5533,0,49,0,0,0,0,0,0,0
5540,0,49,0,0,0,0,0,0,0
5549,0,49,0,0,0,0,0,0,0
5558,0,49,0,0,0,0,0,0,0
5565,0,49,0,0,0,0,0,0,0
5573,0,49,0,0,0,0,0,0,0
5580,0,49,0,0,0,0,0,0,0
5588,0,49,0,0,0,0,0,0,0
5596,0,49,0,0,0,0,0,0,0
5603,0,49,0,0,0,0,0,0,0
5610,0,49,0,0,0,0,0,0,0
5617,0,49,0,0,0,0,0,0,0
5626,0,49,0,0,0,0,0,0,0
5634,0,49,0,0,0,0,0,0,0
5641,0,49,0,0,0,0,0,0,0
5650,0,49,0,0,0,0,0,0,0
5657,0,49,0,0,0,0,0,0,0
5665,0,49,0,0,0,0,0,0,0
5673,0,49,0,0,0,0,0,0,0
5680,0,49,0,0,0,0,0,0,0
5687,0,49,0,0,0,0,0,0,0
5695,0,49,0,0,0,0,0,0,0
5703,0,49,0,0,0,0,0,0,0
5710,0,49,0,0,0,0,0,0,0
5718,0,49,0,0,0,0,0,0,0
5725,0,49,0,0,0,0,0,0,0
5733,0,49,0,0,0,0,0,0,0
5741,0,49,0,0,0,0,0,0,0
5748,0,49,0,0,0,0,0,0,0
5756,0,49,0,0,0,0,0,0,0
5763,0,49,0,0,0,0,0,0,0
5770,0,49,0,0,0,0,0,0,0
5779,0,49,0,0,0,0,0,0,0
5786,0,49,0,0,0,0,0,0,0
5793,0,49,0,0,0,0,0,0,0
5800,0,49,0,0,0,0,0,0,0
5809,0,49,0,0,0,0,0,0,0
5816,0,49,0,0,0,0,0,0,0
5824,0,49,0,0,0,0,0,0,0
5831,0,49,0,0,0,0,0,0,0
5838,0,49,0,0,0,0,0,0,0
5846,0,49,0,0,0,0,0,0,0
5854,0,49,0,0,0,0,0,0,0
5861,0,49,0,0,0,0,0,0,0
5870,0,49,0,0,0,0,0,0,0
5876,0,49,0,0,0,0,0,0,0
5885,0,49,0,0,0,0,0,0,0
5893,0,49,0,0,0,0,0,0,0
5900,0,49,0,0,0,0,0,0,0
5908,0,49,0,0,0,0,0,0,0
5915,0,49,0,0,0,0,0,0,0
5923,0,49,0,0,0,0,0,0,0
5930,0,49,0,0,0,0,0,0,0
5939,0,49,0,0,0,0,0,0,0
5946,0,49,0,0,0,0,0,0,0
5954,0,49,0,0,0,0,0,0,0
5961,0,49,0,0,0,0,0,0,0
5970,0,49,0,0,0,0,0,0,0
5977,0,49,0,0,0,0,0,0,0
5984,0,49,0,0,0,0,0,0,0
5992,0,49,0,0,0,0,0,0,0
6000,0,49,0,0,0,0,0,0,0
6008,0,49,0,0,0,0,0,0,0
6015,0,49,0,0,0,0,0,0,0
6023,0,49,0,0,0,0,0,0,0
6031,0,49,0,0,0,0,0,0,0
6040,0,49,0,0,0,0,0,0,0
6047,0,49,0,0,0,0,0,0,0
6055,0,49,0,0,0,0,0,0,0
6063,0,49,0,0,0,0,0,0,0
6070,0,49,0,0,0,0,0,0,0
6077,0,49,0,0,0,0,0,0,0
6086,0,49,0,0,0,0,0,0,0
6093,0,49,0,0,0,0,0,0,0
6101,0,49,0,0,0,0,0,0,0
6108,0,49,0,0,0,0,0,0,0
6116,0,49,0,0,0,0,0,0,0
6123,0,49,0,0,0,0,0,0,0
6130,0,49,0,0,0,0,0,0,0
6138,0,49,0,0,0,0,0,0,0
6147,4,49,0,3,2096,49,32,0,0
6156,15,49,0,3,2360,49,120,0,0
6165,23,49,0,3,3152,51,184,2,0
6174,32,49,0,3,3974,53,256,4,17672
6182,40,50,5,3,4464,55,320,5,48296
6191,49,50,5,3,5599,58,392,8,96446
6200,59,54,198,3,5289,62,472,8,169870
6209,67,58,85,3,6149,67,536,9,241358
6217,75,64,576,3,4296,71,600,7,312782
6226,84,72,706,3,3031,76,600,4,373689
6234,92,76,733,3,3119,81,552,5,405529
6243,101,82,688,3,2756,86,480,4,451544
6251,110,86,594,3,2835,90,408,4,484848
6261,119,90,523,3,2548,93,336,3,523172
6270,128,94,445,3,2277,96,264,2,550379
6280,138,96,366,3,2282,98,184,2,570627
6288,146,98,309,3,1967,99,120,1,586079
6297,155,98,309,3,2055,100,48,2,595224
6306,163,98,309,3,-83,100,0,2,611448
6314,173,98,309,3,-76,100,0,2,629834
6324,181,98,309,3,-69,100,0,2,645996
6333,190,98,309,3,-61,100,0,2,665448
6343,0,98,51,0,0,0,0,0,0
6355,0,98,51,0,0,0,0,0,0
6363,0,98,51,0,0,0,0,0,0
6370,0,98,51,0,0,0,0,0,0
6378,0,98,51,0,0,0,0,0,0
6386,0,98,18,0,0,0,0,0,0
6393,0,98,18,0,0,0,0,0,0
6400,0,98,18,0,0,0,0,0,0
6408,0,98,18,0,0,0,0,0,0
6415,0,98,18,0,0,0,0,0,0
6424,0,98,18,0,0,0,0,0,0
6431,0,98,18,0,0,0,0,0,0
6438,0,98,6,0,0,0,0,0,0
6446,0,98,6,0,0,0,0,0,0
6453,0,98,6,0,0,0,0,0,0
6460,0,98,6,0,0,0,0,0,0
6467,0,98,6,0,0,0,0,0,0
6475,0,98,6,0,0,0,0,0,0
6483,0,98,0,0,0,0,0,0,0
6491,0,98,0,0,0,0,0,0,0
6498,0,98,0,0,0,0,0,0,0
6506,0,98,0,0,0,0,0,0,0
6513,0,98,0,0,0,0,0,0,0
6520,0,98,0,0,0,0,0,0,0
6528,0,98,0,0,0,0,0,0,0
6536,0,98,0,0,0,0,0,0,0
6543,0,98,0,0,0,0,0,0,0
6550,0,98,0,0,0,0,0,0,0
6558,0,98,0,0,0,0,0,0,0
6566,0,98,0,0,0,0,0,0,0
6573,0,98,0,0,0,0,0,0,0
6580,0,98,0,0,0,0,0,0,0
6588,0,98,0,0,0,0,0,0,0
6595,0,98,0,0,0,0,0,0,0
6603,0,98,0,0,0,0,0,0,0
6610,0,98,0,0,0,0,0,0,0
6617,0,98,0,0,0,0,0,0,0
6624,0,98,0,0,0,0,0,0,0
6633,0,98,0,0,0,0,0,0,0
6641,0,98,0,0,0,0,0,0,0
6649,0,98,0,0,0,0,0,0,0
6656,0,98,0,0,0,0,0,0,0
6666,0,98,0,0,0,0,0,0,0
6673,0,98,0,0,0,0,0,0,0
6681,0,98,0,0,0,0,0,0,0
6688,0,98,0,0,0,0,0,0,0
6696,0,98,0,0,0,0,0,0,0
6703,0,98,0,0,0,0,0,0,0
6711,0,98,0,0,0,0,0,0,0
6720,0,98,0,0,0,0,0,0,0
6727,0,98,0,0,0,0,0,0,0
6735,0,98,0,0,0,0,0,0,0
6743,0,98,0,0,0,0,0,0,0
6750,0,98,0,0,0,0,0,0,0
6758,0,98,0,0,0,0,0,0,0
6766,0,98,0,0,0,0,0,0,0
6773,0,98,0,0,0,0,0,0,0
6780,0,98,0,0,0,0,0,0,0
6787,0,98,0,0,0,0,0,0,0
6795,0,98,0,0,0,0,0,0,0
6803,0,98,0,0,0,0,0,0,0
6810,0,98,0,0,0,0,0,0,0
6818,0,98,0,0,0,0,0,0,0
6825,0,98,0,0,0,0,0,0,0
6834,0,98,0,0,0,0,0,0,0
6840,0,98,0,0,0,0,0,0,0
6848,0,98,0,0,0,0,0,0,0
6855,0,98,0,0,0,0,0,0,0
6863,0,98,0,0,0,0,0,0,0
6870,0,98,0,0,0,0,0,0,0
6877,0,98,0,0,0,0,0,0,0
6885,0,98,0,0,0,0,0,0,0
6893,0,98,0,0,0,0,0,0,0
6901,0,98,0,0,0,0,0,0,0
6908,0,98,0,0,0,0,0,0,0
6914,0,98,0,0,0,0,0,0,0
6923,0,98,0,0,0,0,0,0,0
6930,0,98,0,0,0,0,0,0,0
6938,0,98,0,0,0,0,0,0,0
6946,0,98,0,0,0,0,0,0,0
6953,0,98,0,0,0,0,0,0,0
6961,0,98,0,0,0,0,0,0,0
6968,0,98,0,0,0,0,0,0,0
6976,0,98,0,0,0,0,0,0,0
6983,0,98,0,0,0,0,0,0,0
6990,0,98,0,0,0,0,0,0,0
6998,0,98,0,0,0,0,0,0,0
7006,0,98,0,0,0,0,0,0,0
7014,0,98,0,0,0,0,0,0,0
7022,0,98,0,0,0,0,0,0,0
7030,0,98,0,0,0,0,0,0,0
7037,0,98,0,0,0,0,0,0,0
7045,0,98,0,0,0,0,0,0,0
7053,0,98,0,0,0,0,0,0,0
7059,0,98,0,0,0,0,0,0,0
7066,0,98,0,0,0,0,0,0,0
7074,0,98,0,0,0,0,0,0,0
7081,0,98,0,0,0,0,0,0,0
7090,0,98,0,0,0,0,0,0,0
7097,0,98,0,0,0,0,0,0,0
7104,0,98,0,0,0,0,0,0,0
7113,0,98,0,0,0,0,0,0,0
7120,0,98,0,0,0,0,0,0,0
7127,0,98,0,0,0,0,0,0,0
7135,0,98,0,0,0,0,0,0,0
7143,0,98,0,0,0,0,0,0,0
7150,0,98,0,0,0,0,0,0,0
7159,0,98,0,0,0,0,0,0,0
7166,0,98,0,0,0,0,0,0,0
7173,0,98,0,0,0,0,0,0,0
7180,0,98,0,0,0,0,0,0,0
7188,0,98,0,0,0,0,0,0,0
7196,0,98,0,0,0,0,0,0,0
7203,0,98,0,0,0,0,0,0,0
7210,0,98,0,0,0,0,0,0,0
7217,0,98,0,0,0,0,0,0,0
7225,0,98,0,0,0,0,0,0,0
7233,0,98,0,0,0,0,0,0,0
7240,0,98,0,0,0,0,0,0,0
7248,0,98,0,0,0,0,0,0,0
7255,0,98,0,0,0,0,0,0,0
7262,0,98,0,0,0,0,0,0,0
7270,0,98,0,0,0,0,0,0,0
7278,0,98,0,0,0,0,0,0,0
7286,0,98,0,0,0,0,0,0,0
7293,0,98,0,0,0,0,0,0,0
7300,0,98,0,0,0,0,0,0,0
7308,0,98,0,0,0,0,0,0,0
7316,0,98,0,0,0,0,0,0,0
7323,0,98,0,0,0,0,0,0,0
7330,0,98,0,0,0,0,0,0,0
7338,0,98,0,0,0,0,0,0,0
7345,0,98,0,0,0,0,0,0,0
7354,5,98,0,3,-2420,97,-40,-1,0
7364,15,98,0,3,-2664,97,-120,-1,-10273
7372,22,97,-5,3,-3119,95,-176,-2,-17710
7382,32,95,-31,3,-3289,93,-256,-2,-37704
7390,42,91,-66,3,-3132,90,-336,-1,-56252
7400,51,86,-390,3,-1780,87,-408,1,-65528
7408,58,83,-490,3,-1645,84,-464,1,-58049
7416,68,77,-494,3,-1569,79,-544,2,-48828
7424,76,75,-478,3,-2378,75,-600,0,-32696
7433,85,71,-436,3,-3008,69,-568,-2,-32696
7442,92,67,-418,3,-2901,65,-512,-2,-48296
7451,102,63,-426,3,-2945,60,-432,-3,-68096
7460,111,59,-459,3,-2341,57,-360,-2,-95912
7469,120,53,-497,3,-1118,54,-288,1,-113618
7477,128,51,-497,3,-923,52,-224,1,-105820
7486,137,47,-463,3,-205,50,-152,3,-96593
7494,146,45,-390,3,102,49,-80,4,-72059
7504,154,43,-321,3,701,49,-16,6,-37251
7513,162,43,-321,3,3067,50,0,7,11427
7523,174,43,-321,3,3100,50,0,7,93061
7533,182,43,-321,3,3123,50,0,7,151357
7544,0,44,-39,0,0,0,0,0,0
7554,0,46,38,0,0,0,0,0,0
7561,0,46,38,0,0,0,0,0,0
7568,0,45,29,0,0,0,0,0,0
7576,0,45,29,0,0,0,0,0,0
7584,0,45,29,0,0,0,0,0,0
7591,0,45,29,0,0,0,0,0,0
7598,0,45,29,0,0,0,0,0,0
7606,0,45,29,0,0,0,0,0,0
7613,0,45,29,0,0,0,0,0,0
7620,0,45,13,0,0,0,0,0,0
7628,0,45,13,0,0,0,0,0,0
7635,0,45,13,0,0,0,0,0,0
7643,0,45,13,0,0,0,0,0,0
7650,0,45,13,0,0,0,0,0,0
7658,0,45,13,0,0,0,0,0,0
7666,0,45,0,0,0,0,0,0,0
7673,0,45,0,0,0,0,0,0,0
7680,0,45,0,0,0,0,0,0,0
7688,0,45,0,0,0,0,0,0,0
7696,0,45,0,0,0,0,0,0,0
7703,0,45,0,0,0,0,0,0,0
7710,0,45,0,0,0,0,0,0,0
7718,0,45,-6,0,0,0,0,0,0
7726,0,45,-6,0,0,0,0,0,0
7734,0,45,-6,0,0,0,0,0,0
7741,0,45,-6,0,0,0,0,0,0
7748,0,45,-6,0,0,0,0,0,0
7756,0,45,-6,0,0,0,0,0,0
7763,0,45,-6,0,0,0,0,0,0
7770,0,45,0,0,0,0,0,0,0
7778,0,45,0,0,0,0,0,0,0
7785,0,45,0,0,0,0,0,0,0
7793,0,45,0,0,0,0,0,0,0
7801,0,45,0,0,0,0,0,0,0
7808,0,45,0,0,0,0,0,0,0
7815,0,45,0,0,0,0,0,0,0
7823,0,45,0,0,0,0,0,0,0
7830,0,45,0,0,0,0,0,0,0
7838,0,45,0,0,0,0,0,0,0
7845,0,45,0,0,0,0,0,0,0
7853,0,45,0,0,0,0,0,0,0
7860,0,45,0,0,0,0,0,0,0
7868,0,45,0,0,0,0,0,0,0
7876,0,45,0,0,0,0,0,0,0
7883,0,45,0,0,0,0,0,0,0
7890,0,45,0,0,0,0,0,0,0
7898,0,45,0,0,0,0,0,0,0
7906,0,45,0,0,0,0,0,0,0
7913,0,45,0,0,0,0,0,0,0
7920,0,45,0,0,0,0,0,0,0
7928,0,45,0,0,0,0,0,0,0
7935,0,45,0,0,0,0,0,0,0
7943,0,45,0,0,0,0,0,0,0
7950,0,45,0,0,0,0,0,0,0
7960,0,45,0,0,0,0,0,0,0
7967,0,45,0,0,0,0,0,0,0
7976,0,45,0,0,0,0,0,0,0
7983,0,45,0,0,0,0,0,0,0
7990,0,45,0,0,0,0,0,0,0
7998,0,45,0,0,0,0,0,0,0
8005,0,45,0,0,0,0,0,0,0
8013,0,45,0,0,0,0,0,0,0
8020,0,45,0,0,0,0,0,0,0
8028,0,45,0,0,0,0,0,0,0
8035,0,45,0,0,0,0,0,0,0
8043,0,45,0,0,0,0,0,0,0
8051,0,45,0,0,0,0,0,0,0
8058,0,45,0,0,0,0,0,0,0
8065,0,45,0,0,0,0,0,0,0
8073,0,45,0,0,0,0,0,0,0
8081,0,45,0,0,0,0,0,0,0
8088,0,45,0,0,0,0,0,0,0
8095,0,45,0,0,0,0,0,0,0
8103,0,45,0,0,0,0,0,0,0
8110,0,45,0,0,0,0,0,0,0
8120,0,45,0,0,0,0,0,0,0
8126,0,45,0,0,0,0,0,0,0
8135,0,45,0,0,0,0,0,0,0
8143,0,45,0,0,0,0,0,0,0
8153,0,45,0,0,0,0,0,0,0
8160,0,45,0,0,0,0,0,0,0
8168,0,45,0,0,0,0,0,0,0
8175,0,45,0,0,0,0,0,0,0
8183,0,45,0,0,0,0,0,0,0
8190,0,45,0,0,0,0,0,0,0
8198,0,45,0,0,0,0,0,0,0
8205,0,45,0,0,0,0,0,0,0
8213,0,45,0,0,0,0,0,0,0
8221,0,45,0,0,0,0,0,0,0
8228,0,45,0,0,0,0,0,0,0
8237,0,45,0,0,0,0,0,0,0
8244,0,45,0,0,0,0,0,0,0
8252,0,45,0,0,0,0,0,0,0
8260,0,45,0,0,0,0,0,0,0
8267,0,45,0,0,0,0,0,0,0
8274,0,45,0,0,0,0,0,0,0
8283,0,45,0,0,0,0,0,0,0
8291,0,45,0,0,0,0,0,0,0
8298,0,45,0,0,0,0,0,0,0
8306,0,45,0,0,0,0,0,0,0
8313,0,45,0,0,0,0,0,0,0
8320,0,45,0,0,0,0,0,0,0
8328,0,45,0,0,0,0,0,0,0
8336,0,45,0,0,0,0,0,0,0
8343,0,45,0,0,0,0,0,0,0
8350,0,45,0,0,0,0,0,0,0
8358,0,45,0,0,0,0,0,0,0
8365,0,45,0,0,0,0,0,0,0
8373,0,45,0,0,0,0,0,0,0
8380,0,45,0,0,0,0,0,0,0
8389,0,45,0,0,0,0,0,0,0
8396,0,45,0,0,0,0,0,0,0
8404,0,45,0,0,0,0,0,0,0
8412,0,45,0,0,0,0,0,0,0
8420,0,45,0,0,0,0,0,0,0
8427,0,45,0,0,0,0,0,0,0
8434,0,45,0,0,0,0,0,0,0
8442,0,45,0,0,0,0,0,0,0
8450,0,45,0,0,0,0,0,0,0
8457,0,45,0,0,0,0,0,0,0
8464,0,45,0,0,0,0,0,0,0
8473,0,45,0,0,0,0,0,0,0
8480,0,45,0,0,0,0,0,0,0
8487,0,45,0,0,0,0,0,0,0
8495,0,45,0,0,0,0,0,0,0
8503,0,45,0,0,0,0,0,0,0
8510,0,45,0,0,0,0,0,0,0
8518,0,45,0,0,0,0,0,0,0
8526,0,45,0,0,0,0,0,0,0
8533,0,45,0,0,0,0,0,0,0
8544,3,45,0,3,-2372,44,-24,-1,0
8553,16,45,0,3,-2988,43,-128,-2,-12110
8561,24,45,0,3,-3487,42,-192,-3,-28390
8571,33,43,-19,3,-3657,40,-264,-3,-57367
8583,46,37,-36,3,-3333,36,-368,-1,-94009
8592,54,34,-471,3,-2223,33,-432,-1,-102175
8601,63,29,-473,3,-2437,28,-504,-1,-111721
8610,73,25,-487,3,-2939,23,-584,-2,-121088
8621,83,21,-467,3,-3487,17,-544,-4,-142332
8630,93,15,-454,3,-3001,12,-464,-3,-179852
8638,101,11,-481,3,-2438,9,-400,-2,-204365
8648,110,7,-503,3,-1863,6,-328,-1,-222603
8656,119,3,-481,3,-1417,3,-256,0,-231554
8665,127,1,-458,3,-1294,1,-192,0,-231554
8674,136,-3,-343,3,-523,0,-120,3,-231554
8682,144,-3,-343,3,-321,0,-56,3,-206390
8693,154,-5,-285,3,2285,0,0,5,-177425
8703,0,-4,-72,0,0,0,0,0,0
8712,0,-4,-72,0,0,0,0,0,0
8720,0,-4,-72,0,0,0,0,0,0
8728,0,-5,-38,0,0,0,0,0,0
8735,0,-5,-38,0,0,0,0,0,0
8743,0,-5,-38,0,0,0,0,0,0
8750,0,-5,0,0,0,0,0,0,0
8758,0,-5,0,0,0,0,0,0,0
8766,0,-5,0,0,0,0,0,0,0
8773,0,-5,0,0,0,0,0,0,0
8780,0,-5,0,0,0,0,0,0,0
8788,0,-5,0,0,0,0,0,0,0
8796,0,-5,0,0,0,0,0,0,0
8803,0,-5,-10,0,0,0,0,0,0
8810,0,-5,-10,0,0,0,0,0,0
8818,0,-5,-10,0,0,0,0,0,0
8826,0,-5,-10,0,0,0,0,0,0
8833,0,-5,-10,0,0,0,0,0,0
8841,0,-5,-10,0,0,0,0,0,0
8848,0,-5,0,0,0,0,0,0,0
8855,0,-5,0,0,0,0,0,0,0
8863,0,-5,0,0,0,0,0,0,0
8870,0,-5,0,0,0,0,0,0,0
8878,0,-5,0,0,0,0,0,0,0
8885,0,-5,0,0,0,0,0,0,0
8893,0,-5,0,0,0,0,0,0,0
8900,0,-5,-6,0,0,0,0,0,0
8907,0,-5,-6,0,0,0,0,0,0
8916,0,-5,-6,0,0,0,0,0,0
8924,0,-5,-6,0,0,0,0,0,0
8931,0,-5,-6,0,0,0,0,0,0
8938,0,-5,-6,0,0,0,0,0,0
8947,0,-5,0,0,0,0,0,0,0
8954,0,-5,0,0,0,0,0,0,0
8963,0,-5,0,0,0,0,0,0,0
8970,0,-5,0,0,0,0,0,0,0
8977,0,-5,0,0,0,0,0,0,0
8985,0,-5,0,0,0,0,0,0,0
8993,0,-5,0,0,0,0,0,0,0
9000,0,-5,0,0,0,0,0,0,0
9007,0,-5,0,0,0,0,0,0,0
9015,0,-5,0,0,0,0,0,0,0
9023,0,-5,0,0,0,0,0,0,0
9030,0,-5,0,0,0,0,0,0,0
9038,0,-5,0,0,0,0,0,0,0
9046,0,-5,0,0,0,0,0,0,0
9054,0,-5,0,0,0,0,0,0,0
9061,0,-5,0,0,0,0,0,0,0
9069,0,-5,0,0,0,0,0,0,0
9076,0,-5,0,0,0,0,0,0,0
9083,0,-5,0,0,0,0,0,0,0
9091,0,-5,0,0,0,0,0,0,0
9098,0,-5,0,0,0,0,0,0,0
9106,0,-5,0,0,0,0,0,0,0
9113,0,-5,0,0,0,0,0,0,0
9120,0,-5,0,0,0,0,0,0,0
9128,0,-5,0,0,0,0,0,0,0
9135,0,-5,0,0,0,0,0,0,0
9143,0,-5,0,0,0,0,0,0,0
9150,0,-5,0,0,0,0,0,0,0
9158,0,-5,0,0,0,0,0,0,0
9166,0,-5,0,0,0,0,0,0,0
9173,0,-5,0,0,0,0,0,0,0
9180,0,-5,0,0,0,0,0,0,0
9187,0,-5,0,0,0,0,0,0,0
9195,0,-5,0,0,0,0,0,0,0
9203,0,-5,0,0,0,0,0,0,0
9210,0,-5,0,0,0,0,0,0,0
9218,0,-5,0,0,0,0,0,0,0
9225,0,-5,0,0,0,0,0,0,0
9233,0,-5,0,0,0,0,0,0,0
9241,0,-5,0,0,0,0,0,0,0
9248,0,-5,0,0,0,0,0,0,0
9256,0,-5,0,0,0,0,0,0,0
9263,0,-5,0,0,0,0,0,0,0
9270,0,-5,0,0,0,0,0,0,0
9278,0,-5,0,0,0,0,0,0,0
9286,0,-5,0,0,0,0,0,0,0
9293,0,-5,0,0,0,0,0,0,0
9301,0,-5,0,0,0,0,0,0,0
9309,0,-5,0,0,0,0,0,0,0
9317,0,-5,0,0,0,0,0,0,0
9325,0,-5,0,0,0,0,0,0,0
9333,0,-5,0,0,0,0,0,0,0
9340,0,-5,0,0,0,0,0,0,0
9348,0,-5,0,0,0,0,0,0,0
9356,0,-5,0,0,0,0,0,0,0
9363,0,-5,0,0,0,0,0,0,0
9370,0,-5,0,0,0,0,0,0,0
9378,0,-5,0,0,0,0,0,0,0
9386,0,-5,0,0,0,0,0,0,0
9393,0,-5,0,0,0,0,0,0,0
9400,0,-5,0,0,0,0,0,0,0
9408,0,-5,0,0,0,0,0,0,0
9415,0,-5,0,0,0,0,0,0,0
9423,0,-5,0,0,0,0,0,0,0
9430,0,-5,0,0,0,0,0,0,0
9439,0,-5,0,0,0,0,0,0,0
9446,0,-5,0,0,0,0,0,0,0
9454,0,-5,0,0,0,0,0,0,0
9463,0,-5,0,0,0,0,0,0,0
9471,0,-5,0,0,0,0,0,0,0
9478,0,-5,0,0,0,0,0,0,0
9485,0,-5,0,0,0,0,0,0,0
9493,0,-5,0,0,0,0,0,0,0
9501,0,-5,0,0,0,0,0,0,0
9508,0,-5,0,0,0,0,0,0,0
9515,0,-5,0,0,0,0,0,0,0
9523,0,-5,0,0,0,0,0,0,0
9530,0,-5,0,0,0,0,0,0,0
9539,0,-5,0,0,0,0,0,0,0
9547,0,-5,0,0,0,0,0,0,0
9554,0,-5,0,0,0,0,0,0,0
9562,0,-5,0,0,0,0,0,0,0
9570,0,-5,0,0,0,0,0,0,0
9578,0,-5,0,0,0,0,0,0,0
9585,0,-5,0,0,0,0,0,0,0
9593,0,-5,0,0,0,0,0,0,0
9600,0,-5,0,0,0,0,0,0,0
9608,0,-5,0,0,0,0,0,0,0
9615,0,-5,0,0,0,0,0,0,0
9623,0,-5,0,0,0,0,0,0,0
9630,0,-5,0,0,0,0,0,0,0
9638,0,-5,0,0,0,0,0,0,0
9646,0,-5,0,0,0,0,0,0,0
9654,0,-5,0,0,0,0,0,0,0
9661,0,-5,0,0,0,0,0,0,0
9668,0,-5,0,0,0,0,0,0,0
9676,0,-5,0,0,0,0,0,0,0
9683,0,-5,0,0,0,0,0,0,0
9691,0,-5,0,0,0,0,0,0,0
9698,0,-5,0,0,0,0,0,0,0
9706,0,-5,0,0,0,0,0,0,0
9714,6,-5,0,3,-2144,-5,-48,0,0
9725,17,-5,0,3,-2708,-6,-136,-1,0
9734,26,-5,0,3,-3227,-7,-208,-2,-8916
9743,33,-5,0,3,-4001,-9,-264,-4,-24064
9750,43,-7,-19,3,-4499,-12,-344,-5,-60984
9760,52,-11,-53,3,-4633,-16,-416,-5,-110059
9770,62,-17,-554,3,-2789,-20,-496,-3,-159824
9778,71,-21,-589,3,-3210,-25,-568,-4,-184172
9787,79,-27,-586,3,-2656,-29,-576,-2,-217604
9795,87,-31,-549,3,-2882,-34,-512,-3,-233700
9804,96,-35,-510,3,-2794,-38,-440,-3,-261465
9813,104,-39,-479,3,-2405,-41,-376,-2,-285813
9823,113,-43,-448,3,-1989,-44,-304,-1,-304033
9831,123,-45,-430,3,-2107,-47,-224,-2,-313493
9841,133,-49,-368,3,-1460,-49,-144,0,-332895
9850,142,-51,-332,3,-1052,-50,-72,1,-332895
9858,150,-53,-306,3,-335,-50,-8,3,-324706
9868,160,-55,-199,3,1980,-50,0,5,-294733
9877,169,-55,-199,3,1997,-50,0,5,-251303
9886,0,-54,-77,0,0,0,0,0,0
9894,0,-54,-77,0,0,0,0,0,0
9903,0,-54,-77,0,0,0,0,0,0
9913,0,-54,-32,0,0,0,0,0,0
9920,0,-55,-32,0,0,0,0,0,0
9932,0,-54,0,0,0,0,0,0,0
9940,0,-54,0,0,0,0,0,0,0
9948,0,-54,0,0,0,0,0,0,0
9956,0,-54,0,0,0,0,0,0,0
9963,0,-54,0,0,0,0,0,0,0
9970,0,-54,0,0,0,0,0,0,0
9978,0,-54,8,0,0,0,0,0,0
9986,0,-54,8,0,0,0,0,0,0
9993,0,-54,8,0,0,0,0,0,0
10000,0,-54,8,0,0,0,0,0,0
10008,0,-54,8,0,0,0,0,0,0
10015,0,-54,8,0,0,0,0,0,0
10023,0,-54,8,0,0,0,0,0,0
10030,0,-54,0,0,0,0,0,0,0
10038,0,-54,0,0,0,0,0,0,0
10046,0,-54,0,0,0,0,0,0,0
10053,0,-54,0,0,0,0,0,0,0
10061,0,-54,0,0,0,0,0,0,0
10068,0,-54,0,0,0,0,0,0,0
10075,0,-54,0,0,0,0,0,0,0
10083,0,-54,6,0,0,0,0,0,0
10091,0,-54,6,0,0,0,0,0,0
10099,0,-54,6,0,0,0,0,0,0
10106,0,-54,6,0,0,0,0,0,0
10114,0,-54,6,0,0,0,0,0,0
10121,0,-54,6,0,0,0,0,0,0
10130,0,-54,0,0,0,0,0,0,0
10137,0,-54,0,0,0,0,0,0,0
10145,0,-54,0,0,0,0,0,0,0
10153,0,-54,0,0,0,0,0,0,0
10160,0,-54,0,0,0,0,0,0,0
10168,0,-54,0,0,0,0,0,0,0
10176,0,-54,0,0,0,0,0,0,0
10183,0,-54,0,0,0,0,0,0,0
10190,0,-54,0,0,0,0,0,0,0
10198,0,-54,0,0,0,0,0,0,0
10206,0,-54,0,0,0,0,0,0,0
10213,0,-54,0,0,0,0,0,0,0
10220,0,-54,0,0,0,0,0,0,0
10228,0,-54,0,0,0,0,0,0,0
10235,0,-54,0,0,0,0,0,0,0
10243,0,-54,0,0,0,0,0,0,0
10250,0,-54,0,0,0,0,0,0,0
10258,0,-54,0,0,0,0,0,0,0
10266,0,-54,0,0,0,0,0,0,0
10273,0,-54,0,0,0,0,0,0,0
10281,0,-54,0,0,0,0,0,0,0
10288,0,-54,0,0,0,0,0,0,0
10296,0,-54,0,0,0,0,0,0,0
10303,0,-54,0,0,0,0,0,0,0
10310,0,-54,0,0,0,0,0,0,0
10320,0,-54,0,0,0,0,0,0,0
10327,0,-54,0,0,0,0,0,0,0
10335,0,-54,0,0,0,0,0,0,0
10343,0,-54,0,0,0,0,0,0,0
10351,0,-54,0,0,0,0,0,0,0
10360,0,-54,0,0,0,0,0,0,0
10367,0,-54,0,0,0,0,0,0,0
10375,0,-54,0,0,0,0,0,0,0
10383,0,-54,0,0,0,0,0,0,0
10391,0,-54,0,0,0,0,0,0,0
10398,0,-54,0,0,0,0,0,0,0
10406,0,-54,0,0,0,0,0,0,0
10413,0,-54,0,0,0,0,0,0,0
10421,0,-54,0,0,0,0,0,0,0
10429,0,-54,0,0,0,0,0,0,0
10437,0,-54,0,0,0,0,0,0,0
10444,0,-54,0,0,0,0,0,0,0
10452,0,-54,0,0,0,0,0,0,0
10461,0,-54,0,0,0,0,0,0,0
10468,0,-54,0,0,0,0,0,0,0
10475,0,-54,0,0,0,0,0,0,0
10483,0,-54,0,0,0,0,0,0,0
10490,0,-54,0,0,0,0,0,0,0
10498,0,-54,0,0,0,0,0,0,0
10506,0,-54,0,0,0,0,0,0,0
10513,0,-54,0,0,0,0,0,0,0
10520,0,-54,0,0,0,0,0,0,0
10528,0,-54,0,0,0,0,0,0,0
10536,0,-54,0,0,0,0,0,0,0
10544,0,-54,0,0,0,0,0,0,0
10551,0,-54,0,0,0,0,0,0,0
10560,0,-54,0,0,0,0,0,0,0
10567,0,-54,0,0,0,0,0,0,0
10575,0,-54,0,0,0,0,0,0,0
10583,0,-54,0,0,0,0,0,0,0
10590,0,-54,0,0,0,0,0,0,0
10598,0,-54,0,0,0,0,0,0,0
10606,0,-54,0,0,0,0,0,0,0
10613,0,-54,0,0,0,0,0,0,0
10620,0,-54,0,0,0,0,0,0,0
10628,0,-54,0,0,0,0,0,0,0
10636,0,-54,0,0,0,0,0,0,0
10643,0,-54,0,0,0,0,0,0,0
10650,0,-54,0,0,0,0,0,0,0
10658,0,-54,0,0,0,0,0,0,0
10665,0,-54,0,0,0,0,0,0,0
10673,0,-54,0,0,0,0,0,0,0
10681,0,-54,0,0,0,0,0,0,0
10688,0,-54,0,0,0,0,0,0,0
10696,0,-54,0,0,0,0,0,0,0
10703,0,-54,0,0,0,0,0,0,0
10711,0,-54,0,0,0,0,0,0,0
10720,0,-54,0,0,0,0,0,0,0
10727,0,-54,0,0,0,0,0,0,0
10735,0,-54,0,0,0,0,0,0,0
10743,0,-54,0,0,0,0,0,0,0
10751,0,-54,0,0,0,0,0,0,0
10760,0,-54,0,0,0,0,0,0,0
10767,0,-54,0,0,0,0,0,0,0
10775,0,-54,0,0,0,0,0,0,0
10783,0,-54,0,0,0,0,0,0,0
10790,0,-54,0,0,0,0,0,0,0
10798,0,-54,0,0,0,0,0,0,0
10805,0,-54,0,0,0,0,0,0,0
10813,0,-54,0,0,0,0,0,0,0
10821,0,-54,0,0,0,0,0,0,0
10828,0,-54,0,0,0,0,0,0,0
10834,0,-54,0,0,0,0,0,0,0
10843,0,-54,0,0,0,0,0,0,0
10850,0,-54,0,0,0,0,0,0,0
10859,0,-54,0,0,0,0,0,0,0
10866,0,-54,0,0,0,0,0,0,0
10873,0,-54,0,0,0,0,0,0,0
10880,0,-54,0,0,0,0,0,0,0
10888,0,-54,0,0,0,0,0,0,0
10896,0,-54,0,0,0,0,0,0,0
10903,0,-54,0,0,0,0,0,0,0
10911,0,-54,0,0,0,0,0,0,0
10918,0,-54,0,0,0,0,0,0,0
10925,0,-54,0,0,0,0,0,0,0
10935,6,-54,0,3,-2144,-54,-48,0,0
10945,16,-55,-6,3,-2366,-55,-128,0,0
10954,25,-55,-6,3,-2882,-56,-200,-1,0
10963,34,-55,-6,3,-3701,-58,-272,-3,-8518
10972,43,-55,-6,3,-4828,-61,-344,-6,-36727
10981,52,-59,-98,3,-4790,-65,-416,-6,-91297
10989,61,-63,-164,3,-4528,-68,-488,-5,-141409
10997,69,-67,-216,3,-4880,-73,-552,-6,-181379
11007,79,-74,-596,3,-3284,-78,-592,-4,-241037
11016,87,-79,-660,3,-2913,-83,-528,-4,-273565
11024,96,-85,-661,3,-2108,-87,-456,-2,-309077
11033,104,-89,-629,3,-2019,-91,-392,-2,-325749
11044,114,-93,-495,3,-1889,-94,-312,-1,-346065
11053,123,-97,-450,3,-1211,-96,-240,1,-354835
11061,133,-99,-368,3,-1214,-98,-160,1,-345065
11070,142,-101,-300,3,-1198,-100,-88,1,-335684
11080,152,-103,-187,3,-693,-100,-8,3,-325836
11090,161,-103,-187,3,1343,-100,0,3,-297681
11098,169,-103,-187,3,1351,-100,0,3,-275022
11106,178,-103,-187,3,1362,-100,0,3,-248460
11115,186,-103,-187,3,1373,-100,0,3,-222768
11124,195,-103,-187,3,1383,-100,0,3,-196635
11134,0,-103,-47,0,0,0,0,0,0
11143,0,-103,-47,0,0,0,0,0,0
11154,0,-103,-47,0,0,0,0,0,0
11161,0,-103,-47,0,0,0,0,0,0
11171,0,-103,-47,0,0,0,0,0,0
11179,0,-103,-17,0,0,0,0,0,0
11187,0,-103,-17,0,0,0,0,0,0
11195,0,-103,-17,0,0,0,0,0,0
11204,0,-103,-17,0,0,0,0,0,0
11211,0,-103,-17,0,0,0,0,0,0
11220,0,-103,-17,0,0,0,0,0,0
11228,0,-103,-6,0,0,0,0,0,0
11236,0,-103,-6,0,0,0,0,0,0
11243,0,-103,-6,0,0,0,0,0,0
11251,0,-103,-6,0,0,0,0,0,0
11260,0,-103,-6,0,0,0,0,0,0
11267,0,-103,-6,0,0,0,0,0,0
11274,0,-103,-6,0,0,0,0,0,0
11283,0,-103,0,0,0,0,0,0,0
11291,0,-103,0,0,0,0,0,0,0
11298,0,-103,0,0,0,0,0,0,0
11305,0,-103,0,0,0,0,0,0,0
11313,0,-103,0,0,0,0,0,0,0
11320,0,-103,0,0,0,0,0,0,0
11328,0,-103,0,0,0,0,0,0,0
11336,0,-103,0,0,0,0,0,0,0
11343,0,-103,0,0,0,0,0,0,0
11350,0,-103,0,0,0,0,0,0,0
11358,0,-103,0,0,0,0,0,0,0
11366,0,-103,0,0,0,0,0,0,0
11373,0,-103,0,0,0,0,0,0,0
11380,0,-103,0,0,0,0,0,0,0
11388,0,-103,0,0,0,0,0,0,0
11396,0,-103,0,0,0,0,0,0,0
11403,0,-103,0,0,0,0,0,0,0
11410,0,-103,0,0,0,0,0,0,0
11418,0,-103,0,0,0,0,0,0,0
11426,0,-103,0,0,0,0,0,0,0
11433,0,-103,0,0,0,0,0,0,0
11441,0,-103,0,0,0,0,0,0,0
11449,0,-103,0,0,0,0,0,0,0
11456,0,-103,0,0,0,0,0,0,0
11464,0,-103,0,0,0,0,0,0,0
11471,0,-103,0,0,0,0,0,0,0
11480,0,-103,0,0,0,0,0,0,0
11487,0,-103,0,0,0,0,0,0,0
11494,0,-103,0,0,0,0,0,0,0
11502,0,-103,0,0,0,0,0,0,0
11510,0,-103,0,0,0,0,0,0,0
11518,0,-103,0,0,0,0,0,0,0
11525,0,-103,0,0,0,0,0,0,0
11533,0,-103,0,0,0,0,0,0,0
11540,0,-103,0,0,0,0,0,0,0
11548,0,-103,0,0,0,0,0,0,0
11555,0,-103,0,0,0,0,0,0,0
11563,0,-103,0,0,0,0,0,0,0
11570,0,-103,0,0,0,0,0,0,0
11578,0,-103,0,0,0,0,0,0,0
11585,0,-103,0,0,0,0,0,0,0
11593,0,-103,0,0,0,0,0,0,0
11601,0,-103,0,0,0,0,0,0,0
11608,0,-103,0,0,0,0,0,0,0
11616,0,-103,0,0,0,0,0,0,0
11623,0,-103,0,0,0,0,0,0,0
11631,0,-103,0,0,0,0,0,0,0
11638,0,-103,0,0,0,0,0,0,0
11646,0,-103,0,0,0,0,0,0,0
11656,0,-103,0,0,0,0,0,0,0
11664,0,-103,0,0,0,0,0,0,0
11672,0,-103,0,0,0,0,0,0,0
11680,0,-103,0,0,0,0,0,0,0
11687,0,-103,0,0,0,0,0,0,0
11694,0,-103,0,0,0,0,0,0,0
11703,0,-103,0,0,0,0,0,0,0
11710,0,-103,0,0,0,0,0,0,0
11718,0,-103,0,0,0,0,0,0,0
11726,0,-103,0,0,0,0,0,0,0
11733,0,-103,0,0,0,0,0,0,0
11741,0,-103,0,0,0,0,0,0,0
11748,0,-103,0,0,0,0,0,0,0
11756,0,-103,0,0,0,0,0,0,0
11763,0,-103,0,0,0,0,0,0,0
11770,0,-103,0,0,0,0,0,0,0
11778,0,-103,0,0,0,0,0,0,0
11786,0,-103,0,0,0,0,0,0,0
11793,0,-103,0,0,0,0,0,0,0
11800,0,-103,0,0,0,0,0,0,0
11808,0,-103,0,0,0,0,0,0,0
11816,0,-103,0,0,0,0,0,0,0
11823,0,-103,0,0,0,0,0,0,0
11830,0,-103,0,0,0,0,0,0,0
11838,0,-103,0,0,0,0,0,0,0
11845,0,-103,0,0,0,0,0,0,0
11853,0,-103,0,0,0,0,0,0,0
11860,0,-103,0,0,0,0,0,0,0
11868,0,-103,0,0,0,0,0,0,0
11876,0,-103,0,0,0,0,0,0,0
11883,0,-103,0,0,0,0,0,0,0
11891,0,-103,0,0,0,0,0,0,0
11899,0,-103,0,0,0,0,0,0,0
11906,0,-103,0,0,0,0,0,0,0
11913,0,-103,0,0,0,0,0,0,0
11920,0,-103,0,0,0,0,0,0,0
11930,0,-103,0,0,0,0,0,0,0
11937,0,-103,0,0,0,0,0,0,0
11944,0,-103,0,0,0,0,0,0,0
11952,0,-103,0,0,0,0,0,0,0
11960,0,-103,0,0,0,0,0,0,0
11968,0,-103,0,0,0,0,0,0,0
11975,0,-103,0,0,0,0,0,0,0
11983,0,-103,0,0,0,0,0,0,0
11991,0,-103,0,0,0,0,0,0,0
12000,0,-103,0,0,0,0,0,0,0
12007,0,-103,0,0,0,0,0,0,0
12015,0,-103,0,0,0,0,0,0,0
12023,0,-103,0,0,0,0,0,0,0
12030,0,-103,0,0,0,0,0,0,0
12040,0,-103,0,0,0,0,0,0,0
12047,0,-103,0,0,0,0,0,0,0
12055,0,-103,0,0,0,0,0,0,0
12063,0,-103,0,0,0,0,0,0,0
12071,0,-103,0,0,0,0,0,0,0
12080,0,-103,0,0,0,0,0,0,0
12087,0,-103,0,0,0,0,0,0,0
12094,0,-103,0,0,0,0,0,0,0
12103,0,-103,0,0,0,0,0,0,0
12110,0,-103,0,0,0,0,0,0,0
12117,0,-103,0,0,0,0,0,0,0
12125,0,-103,0,0,0,0,0,0,0
12133,0,-103,0,0,0,0,0,0,0
12141,0,-103,0,0,0,0,0,0,0
12149,1,-103,0,3,2324,-102,8,1,0
12158,10,-103,0,3,2543,-102,80,1,9712
12167,19,-103,0,3,3059,-101,152,2,9712
12176,28,-103,0,3,3875,-99,224,4,9712
12184,36,-102,6,3,4349,-97,288,5,9712
12193,45,-98,30,3,4211,-94,360,4,53572
12201,53,-94,52,3,4050,-91,424,3,87556
12213,64,-86,516,3,2035,-86,512,0,118228
12221,73,-80,628,3,1615,-81,584,-1,118228
12230,83,-76,616,3,2295,-75,600,1,108517
12241,93,-70,520,3,2515,-69,576,1,118828
12250,103,-66,478,3,2705,-64,496,2,128572
12258,111,-62,457,3,2582,-60,432,2,144556
12266,119,-58,451,3,2115,-57,368,1,160634
12274,127,-56,454,3,1917,-55,304,1,168599
12285,137,-52,440,3,1423,-52,224,0,178720
12294,145,-48,388,3,787,-50,160,-2,178720
12302,154,-46,370,3,318,-49,88,-3,161818
12311,163,-44,325,3,-374,-49,16,-5,134434
12321,173,-44,325,3,-2743,-50,0,-6,82999
12330,183,-44,325,3,-2765,-50,0,-6,27775
12338,190,-44,325,3,-2782,-50,0,-6,-18821
12346,0,-45,44,0,0,0,0,0,0
12357,0,-47,-42,0,0,0,0,0,0
12364,0,-47,-171,0,0,0,0,0,0
12373,0,-48,-27,0,0,0,0,0,0
12380,0,-48,-27,0,0,0,0,0,0
12388,0,-48,-27,0,0,0,0,0,0
12396,0,-48,-27,0,0,0,0,0,0
12403,0,-48,-27,0,0,0,0,0,0
12410,0,-48,-27,0,0,0,0,0,0
12418,0,-48,-27,0,0,0,0,0,0
12426,0,-48,-14,0,0,0,0,0,0
12434,0,-48,-14,0,0,0,0,0,0
12441,0,-48,-14,0,0,0,0,0,0
12450,0,-48,-14,0,0,0,0,0,0
12459,0,-48,-14,0,0,0,0,0,0
12467,0,-48,-14,0,0,0,0,0,0
12474,0,-48,0,0,0,0,0,0,0
12481,0,-48,0,0,0,0,0,0,0
12490,0,-48,0,0,0,0,0,0,0
12497,0,-48,0,0,0,0,0,0,0
12505,0,-48,0,0,0,0,0,0,0
12513,0,-48,0,0,0,0,0,0,0
12520,0,-48,0,0,0,0,0,0,0
12528,0,-48,6,0,0,0,0,0,0
12536,0,-48,6,0,0,0,0,0,0
12543,0,-48,6,0,0,0,0,0,0
12550,0,-48,6,0,0,0,0,0,0
12558,0,-48,6,0,0,0,0,0,0
12565,0,-48,6,0,0,0,0,0,0
12573,0,-48,0,0,0,0,0,0,0
12580,0,-48,0,0,0,0,0,0,0
12588,0,-48,0,0,0,0,0,0,0
12595,0,-48,0,0,0,0,0,0,0
12603,0,-48,0,0,0,0,0,0,0
12612,0,-48,0,0,0,0,0,0,0
12620,0,-48,0,0,0,0,0,0,0
12627,0,-48,0,0,0,0,0,0,0
12634,0,-48,0,0,0,0,0,0,0
12642,0,-48,0,0,0,0,0,0,0
12650,0,-48,0,0,0,0,0,0,0
12658,0,-48,0,0,0,0,0,0,0
12665,0,-48,0,0,0,0,0,0,0
12673,0,-48,0,0,0,0,0,0,0
12680,0,-48,0,0,0,0,0,0,0
12689,0,-48,0,0,0,0,0,0,0
12696,0,-48,0,0,0,0,0,0,0
12703,0,-48,0,0,0,0,0,0,0
12710,0,-48,0,0,0,0,0,0,0
12718,0,-48,0,0,0,0,0,0,0
12726,0,-48,0,0,0,0,0,0,0
12733,0,-48,0,0,0,0,0,0,0
12740,0,-48,0,0,0,0,0,0,0
12750,0,-48,0,0,0,0,0,0,0
12757,0,-48,0,0,0,0,0,0,0
12765,0,-48,0,0,0,0,0,0,0
12773,0,-48,0,0,0,0,0,0,0
12780,0,-48,0,0,0,0,0,0,0
12787,0,-48,0,0,0,0,0,0,0
12796,0,-48,0,0,0,0,0,0,0
12803,0,-48,0,0,0,0,0,0,0
12810,0,-48,0,0,0,0,0,0,0
12818,0,-48,0,0,0,0,0,0,0
12825,0,-48,0,0,0,0,0,0,0
12833,0,-48,0,0,0,0,0,0,0
12840,0,-48,0,0,0,0,0,0,0
12848,0,-48,0,0,0,0,0,0,0
12856,0,-48,0,0,0,0,0,0,0
12864,0,-48,0,0,0,0,0,0,0
12872,0,-48,0,0,0,0,0,0,0
12880,0,-48,0,0,0,0,0,0,0
12888,0,-48,0,0,0,0,0,0,0
12895,0,-48,0,0,0,0,0,0,0
12904,0,-48,0,0,0,0,0,0,0
12911,0,-48,0,0,0,0,0,0,0
12918,0,-48,0,0,0,0,0,0,0
12925,0,-48,0,0,0,0,0,0,0
12933,0,-48,0,0,0,0,0,0,0
12941,0,-48,0,0,0,0,0,0,0
12949,0,-48,0,0,0,0,0,0,0
12956,0,-48,0,0,0,0,0,0,0
12963,0,-48,0,0,0,0,0,0,0
12970,0,-48,0,0,0,0,0,0,0
12979,0,-48,0,0,0,0,0,0,0
12986,0,-48,0,0,0,0,0,0,0
12993,0,-48,0,0,0,0,0,0,0
13000,0,-48,0,0,0,0,0,0,0
13008,0,-48,0,0,0,0,0,0,0
13016,0,-48,0,0,0,0,0,0,0
13023,0,-48,0,0,0,0,0,0,0
13030,0,-48,0,0,0,0,0,0,0
13038,0,-48,0,0,0,0,0,0,0
13045,0,-48,0,0,0,0,0,0,0
13053,0,-48,0,0,0,0,0,0,0
13061,0,-48,0,0,0,0,0,0,0
13068,0,-48,0,0,0,0,0,0,0
13074,0,-48,0,0,0,0,0,0,0
