3,0,-2,0,0,0,0,0,0,0
10,0,-2,0,0,0,0,0,0,0
18,0,-2,0,0,0,0,0,0,0
25,0,-2,0,0,0,0,0,0,0
33,0,-2,0,0,0,0,0,0,0
40,0,-2,0,0,0,0,0,0,0
49,0,-2,0,0,0,0,0,0,0
57,0,-2,0,0,0,0,0,0,0
65,0,-2,0,0,0,0,0,0,0
73,0,-2,0,0,0,0,0,0,0
80,0,-2,0,0,0,0,0,0,0
88,0,-2,0,0,0,0,0,0,0
95,0,-2,0,0,0,0,0,0,0
103,0,-2,0,0,0,0,0,0,0
110,0,-2,0,0,0,0,0,0,0
118,0,-2,0,0,0,0,0,0,0
126,0,-2,0,0,0,0,0,0,0
136,6,-2,0,3,-2144,-2,-48,0,0
144,15,-2,0,3,-2360,-2,-120,0,0
154,24,-2,0,3,-3176,-4,-192,-2,0
163,33,-2,0,3,-3998,-6,-264,-4,-16502
172,41,-4,-14,3,-4462,-9,-328,-5,-51650
180,51,-6,-85,3,-4808,-12,-408,-6,-98330
189,59,-10,-141,3,-4551,-15,-472,-5,-145418
197,67,-16,-412,3,-3647,-20,-536,-4,-189468
206,76,-20,-581,3,-3647,-25,-600,-5,-225236
214,85,-26,-594,3,-3228,-30,-568,-4,-266981
223,93,-30,-574,3,-3110,-34,-504,-4,-300457
233,103,-36,-529,3,-2720,-39,-424,-3,-338701
242,112,-40,-490,3,-2332,-42,-352,-2,-365224
251,121,-42,-464,3,-2501,-45,-280,-3,-383980
260,131,-46,-376,3,-2236,-48,-200,-2,-412909
269,139,-48,-347,3,-1839,-49,-136,-1,-430515
277,147,-50,-313,3,-1452,-50,-72,0,-438415
286,156,-52,-266,3,1223,-50,0,2,-438415
294,165,-52,-266,3,1230,-50,0,2,-421105
305,175,-52,-266,3,1238,-50,0,2,-400315
314,184,-52,-266,3,1246,-50,0,2,-381863
322,192,-52,-266,3,1252,-50,0,2,-367281
330,200,-52,-266,3,1259,-50,0,2,-349715
339,0,-52,-50,0,0,0,0,0,0
348,0,-52,-50,0,0,0,0,0,0
355,0,-52,-50,0,0,0,0,0,0
363,0,-52,-50,0,0,0,0,0,0
371,0,-52,-50,0,0,0,0,0,0
379,0,-52,-50,0,0,0,0,0,0
386,0,-52,-18,0,0,0,0,0,0
394,0,-52,-18,0,0,0,0,0,0
401,0,-52,-18,0,0,0,0,0,0
410,0,-52,-18,0,0,0,0,0,0
418,0,-52,-18,0,0,0,0,0,0
426,0,-52,-18,0,0,0,0,0,0
433,0,-52,-6,0,0,0,0,0,0
442,0,-52,-6,0,0,0,0,0,0
450,0,-52,-6,0,0,0,0,0,0
458,0,-52,-6,0,0,0,0,0,0
465,0,-52,-6,0,0,0,0,0,0
473,0,-52,-6,0,0,0,0,0,0
480,0,-52,-6,0,0,0,0,0,0
488,0,-52,0,0,0,0,0,0,0
495,0,-52,0,0,0,0,0,0,0
505,0,-52,0,0,0,0,0,0,0
513,0,-52,0,0,0,0,0,0,0
521,0,-52,0,0,0,0,0,0,0
528,0,-52,0,0,0,0,0,0,0
535,0,-52,0,0,0,0,0,0,0
544,0,-52,0,0,0,0,0,0,0
551,0,-52,0,0,0,0,0,0,0
558,0,-52,0,0,0,0,0,0,0
566,0,-52,0,0,0,0,0,0,0
573,0,-52,0,0,0,0,0,0,0
582,0,-52,0,0,0,0,0,0,0
589,0,-52,0,0,0,0,0,0,0
596,0,-52,0,0,0,0,0,0,0
603,0,-52,0,0,0,0,0,0,0
611,0,-52,0,0,0,0,0,0,0
620,0,-52,0,0,0,0,0,0,0
627,0,-52,0,0,0,0,0,0,0
635,0,-52,0,0,0,0,0,0,0
643,0,-52,0,0,0,0,0,0,0
650,0,-52,0,0,0,0,0,0,0
658,0,-52,0,0,0,0,0,0,0
665,0,-52,0,0,0,0,0,0,0
673,0,-52,0,0,0,0,0,0,0
681,0,-52,0,0,0,0,0,0,0
690,0,-52,0,0,0,0,0,0,0
697,0,-52,0,0,0,0,0,0,0
705,0,-52,0,0,0,0,0,0,0
713,0,-52,0,0,0,0,0,0,0
723,0,-52,0,0,0,0,0,0,0
730,0,-52,0,0,0,0,0,0,0
738,0,-52,0,0,0,0,0,0,0
745,0,-52,0,0,0,0,0,0,0
755,0,-52,0,0,0,0,0,0,0
763,0,-52,0,0,0,0,0,0,0
770,0,-52,0,0,0,0,0,0,0
778,0,-52,0,0,0,0,0,0,0
786,0,-52,0,0,0,0,0,0,0
793,0,-52,0,0,0,0,0,0,0
801,0,-52,0,0,0,0,0,0,0
808,0,-52,0,0,0,0,0,0,0
816,0,-52,0,0,0,0,0,0,0
824,0,-52,0,0,0,0,0,0,0
831,0,-52,0,0,0,0,0,0,0
838,0,-52,0,0,0,0,0,0,0
846,0,-52,0,0,0,0,0,0,0
853,0,-52,0,0,0,0,0,0,0
860,0,-52,0,0,0,0,0,0,0
868,0,-52,0,0,0,0,0,0,0
876,0,-52,0,0,0,0,0,0,0
883,0,-52,0,0,0,0,0,0,0
893,0,-52,0,0,0,0,0,0,0
900,0,-52,0,0,0,0,0,0,0
907,0,-52,0,0,0,0,0,0,0
915,0,-52,0,0,0,0,0,0,0
923,0,-52,0,0,0,0,0,0,0
931,0,-52,0,0,0,0,0,0,0
938,0,-52,0,0,0,0,0,0,0
946,0,-52,0,0,0,0,0,0,0
953,0,-52,0,0,0,0,0,0,0
960,0,-52,0,0,0,0,0,0,0
968,0,-52,0,0,0,0,0,0,0
975,0,-52,0,0,0,0,0,0,0
984,0,-52,0,0,0,0,0,0,0
991,0,-52,0,0,0,0,0,0,0
1000,0,-52,0,0,0,0,0,0,0
1008,0,-52,0,0,0,0,0,0,0
1015,0,-52,0,0,0,0,0,0,0
1023,0,-52,0,0,0,0,0,0,0
1031,0,-52,0,0,0,0,0,0,0
1039,0,-52,0,0,0,0,0,0,0
1046,0,-52,0,0,0,0,0,0,0
1053,0,-52,0,0,0,0,0,0,0
1060,0,-52,0,0,0,0,0,0,0
1068,0,-52,0,0,0,0,0,0,0
1075,0,-52,0,0,0,0,0,0,0
1083,0,-52,0,0,0,0,0,0,0
1090,0,-52,0,0,0,0,0,0,0
1098,0,-52,0,0,0,0,0,0,0
1105,0,-52,0,0,0,0,0,0,0
1113,0,-52,0,0,0,0,0,0,0
1120,0,-52,0,0,0,0,0,0,0
1128,0,-52,0,0,0,0,0,0,0
1135,0,-52,0,0,0,0,0,0,0
1144,0,-52,0,0,0,0,0,0,0
1153,0,-52,0,0,0,0,0,0,0
1160,0,-52,0,0,0,0,0,0,0
1168,0,-52,0,0,0,0,0,0,0
1176,0,-52,0,0,0,0,0,0,0
1183,0,-52,0,0,0,0,0,0,0
1190,0,-52,0,0,0,0,0,0,0
1198,0,-52,0,0,0,0,0,0,0
1206,0,-52,0,0,0,0,0,0,0
1213,0,-52,0,0,0,0,0,0,0
1221,0,-52,0,0,0,0,0,0,0
1229,0,-52,0,0,0,0,0,0,0
1237,0,-52,0,0,0,0,0,0,0
1244,0,-52,0,0,0,0,0,0,0
1253,0,-52,0,0,0,0,0,0,0
1260,0,-52,0,0,0,0,0,0,0
1268,0,-52,0,0,0,0,0,0,0
1276,0,-52,0,0,0,0,0,0,0
1283,0,-52,0,0,0,0,0,0,0
1293,0,-52,0,0,0,0,0,0,0
1300,0,-52,0,0,0,0,0,0,0
1307,0,-52,0,0,0,0,0,0,0
1315,0,-52,0,0,0,0,0,0,0
1323,0,-52,0,0,0,0,0,0,0
1330,0,-52,0,0,0,0,0,0,0
1338,0,-52,0,0,0,0,0,0,0
1349,5,-52,0,3,-2120,-52,-40,0,0
1357,14,-52,0,3,-2336,-52,-112,0,0
1366,24,-52,0,3,-3176,-54,-192,-2,0
1374,32,-52,0,3,-3974,-56,-256,-4,-16674
1383,40,-54,-13,3,-4140,-58,-320,-4,-48130
1393,51,-56,-71,3,-4847,-62,-408,-6,-92198
1403,60,-60,-119,3,-4940,-66,-480,-6,-143624
1412,68,-66,-381,3,-3767,-70,-544,-4,-195638
1420,78,-72,-578,3,-3360,-76,-600,-4,-235106
1429,86,-78,-627,3,-2805,-81,-560,-3,-267670
1438,95,-82,-633,3,-2582,-85,-488,-3,-293872
1446,104,-86,-568,3,-2572,-89,-416,-3,-320758
1454,112,-90,-479,3,-2357,-92,-352,-2,-345475
1463,121,-92,-394,3,-2703,-95,-280,-3,-363163
1473,130,-94,-349,3,-2632,-97,-208,-3,-389077
1481,139,-96,-311,3,-2541,-99,-136,-3,-415771
1489,147,-100,-271,3,-1579,-100,-72,0,-442159
1498,156,-100,-271,3,637,-100,0,0,-442159
1507,165,-102,-237,3,1135,-100,0,2,-442159
1517,174,-102,-237,3,1143,-100,0,2,-422805
1526,184,-102,-237,3,1150,-100,0,2,-404467
1534,192,-102,-237,3,1156,-100,0,2,-388141
1543,202,-102,-237,3,1164,-100,0,2,-368653
1553,0,-102,-48,0,0,0,0,0,0
1561,0,-102,-48,0,0,0,0,0,0
1569,0,-102,-48,0,0,0,0,0,0
1576,0,-102,-48,0,0,0,0,0,0
1583,0,-102,-48,0,0,0,0,0,0
1591,0,-102,-48,0,0,0,0,0,0
1598,0,-102,-48,0,0,0,0,0,0
1606,0,-102,-17,0,0,0,0,0,0
1613,0,-102,-17,0,0,0,0,0,0
1621,0,-102,-17,0,0,0,0,0,0
1628,0,-102,-17,0,0,0,0,0,0
1636,0,-102,-17,0,0,0,0,0,0
1643,0,-102,-17,0,0,0,0,0,0
1653,0,-102,-6,0,0,0,0,0,0
1660,0,-102,-6,0,0,0,0,0,0
1667,0,-102,-6,0,0,0,0,0,0
1675,0,-102,-6,0,0,0,0,0,0
1683,0,-102,-6,0,0,0,0,0,0
1691,0,-102,-6,0,0,0,0,0,0
1698,0,-102,-6,0,0,0,0,0,0
1706,0,-102,0,0,0,0,0,0,0
1713,0,-102,0,0,0,0,0,0,0
1721,0,-102,0,0,0,0,0,0,0
1729,0,-102,0,0,0,0,0,0,0
1736,0,-102,0,0,0,0,0,0,0
1743,0,-102,0,0,0,0,0,0,0
1750,0,-102,0,0,0,0,0,0,0
1757,0,-102,0,0,0,0,0,0,0
1765,0,-102,0,0,0,0,0,0,0
1773,0,-102,0,0,0,0,0,0,0
1780,0,-102,0,0,0,0,0,0,0
1788,0,-102,0,0,0,0,0,0,0
1796,0,-102,0,0,0,0,0,0,0
1803,0,-102,0,0,0,0,0,0,0
1810,0,-102,0,0,0,0,0,0,0
1818,0,-102,0,0,0,0,0,0,0
1825,0,-102,0,0,0,0,0,0,0
1834,0,-102,0,0,0,0,0,0,0
1841,0,-102,0,0,0,0,0,0,0
1848,0,-102,0,0,0,0,0,0,0
1855,0,-102,0,0,0,0,0,0,0
1864,0,-102,0,0,0,0,0,0,0
1872,0,-102,0,0,0,0,0,0,0
1879,0,-102,0,0,0,0,0,0,0
1887,0,-102,0,0,0,0,0,0,0
1894,0,-102,0,0,0,0,0,0,0
1903,0,-102,0,0,0,0,0,0,0
1910,0,-102,0,0,0,0,0,0,0
1918,0,-102,0,0,0,0,0,0,0
1927,0,-102,0,0,0,0,0,0,0
1934,0,-102,0,0,0,0,0,0,0
1943,0,-102,0,0,0,0,0,0,0
1950,0,-102,0,0,0,0,0,0,0
1958,0,-102,0,0,0,0,0,0,0
1965,0,-102,0,0,0,0,0,0,0
1973,0,-102,0,0,0,0,0,0,0
1981,0,-102,0,0,0,0,0,0,0
1988,0,-102,0,0,0,0,0,0,0
1995,0,-102,0,0,0,0,0,0,0
2003,0,-102,0,0,0,0,0,0,0
2013,0,-102,0,0,0,0,0,0,0
2020,0,-102,0,0,0,0,0,0,0
2027,0,-102,0,0,0,0,0,0,0
2035,0,-102,0,0,0,0,0,0,0
2043,0,-102,0,0,0,0,0,0,0
2051,0,-102,0,0,0,0,0,0,0
2058,0,-102,0,0,0,0,0,0,0
2065,0,-102,0,0,0,0,0,0,0
2073,0,-102,0,0,0,0,0,0,0
2081,0,-102,0,0,0,0,0,0,0
2088,0,-102,0,0,0,0,0,0,0
2095,0,-102,0,0,0,0,0,0,0
2103,0,-102,0,0,0,0,0,0,0
2113,0,-102,0,0,0,0,0,0,0
2120,0,-102,0,0,0,0,0,0,0
2127,0,-102,0,0,0,0,0,0,0
2135,0,-102,0,0,0,0,0,0,0
2143,0,-102,0,0,0,0,0,0,0
2151,0,-102,0,0,0,0,0,0,0
2158,0,-102,0,0,0,0,0,0,0
2166,0,-102,0,0,0,0,0,0,0
2173,0,-102,0,0,0,0,0,0,0
2180,0,-102,0,0,0,0,0,0,0
2188,0,-102,0,0,0,0,0,0,0
2196,0,-102,0,0,0,0,0,0,0
2203,0,-102,0,0,0,0,0,0,0
2211,0,-102,0,0,0,0,0,0,0
2218,0,-102,0,0,0,0,0,0,0
2226,0,-102,0,0,0,0,0,0,0
2233,0,-102,0,0,0,0,0,0,0
2241,0,-102,0,0,0,0,0,0,0
2248,0,-102,0,0,0,0,0,0,0
2256,0,-102,0,0,0,0,0,0,0
2263,0,-102,0,0,0,0,0,0,0
2270,0,-102,0,0,0,0,0,0,0
2278,0,-102,0,0,0,0,0,0,0
2285,0,-102,0,0,0,0,0,0,0
2293,0,-102,0,0,0,0,0,0,0
2303,0,-102,0,0,0,0,0,0,0
2310,0,-102,0,0,0,0,0,0,0
2317,0,-102,0,0,0,0,0,0,0
2325,0,-102,0,0,0,0,0,0,0
2333,0,-102,0,0,0,0,0,0,0
2341,0,-102,0,0,0,0,0,0,0
2349,0,-102,0,0,0,0,0,0,0
2356,0,-102,0,0,0,0,0,0,0
2364,0,-102,0,0,0,0,0,0,0
2373,0,-102,0,0,0,0,0,0,0
2380,0,-102,0,0,0,0,0,0,0
2388,0,-102,0,0,0,0,0,0,0
2395,0,-102,0,0,0,0,0,0,0
2403,0,-102,0,0,0,0,0,0,0
2411,0,-102,0,0,0,0,0,0,0
2419,0,-102,0,0,0,0,0,0,0
2426,0,-102,0,0,0,0,0,0,0
2433,0,-102,0,0,0,0,0,0,0
2441,0,-102,0,0,0,0,0,0,0
2448,0,-102,0,0,0,0,0,0,0
2456,0,-102,0,0,0,0,0,0,0
2463,0,-102,0,0,0,0,0,0,0
2471,0,-102,0,0,0,0,0,0,0
2478,0,-102,0,0,0,0,0,0,0
2486,0,-102,0,0,0,0,0,0,0
2493,0,-102,0,0,0,0,0,0,0
2500,0,-102,0,0,0,0,0,0,0
2510,0,-102,0,0,0,0,0,0,0
2518,0,-102,0,0,0,0,0,0,0
2525,0,-102,0,0,0,0,0,0,0
2533,0,-102,0,0,0,0,0,0,0
2541,0,-102,0,0,0,0,0,0,0
2549,0,-102,0,0,0,0,0,0,0
2558,0,-102,0,0,0,0,0,0,0
2569,8,-102,0,3,2492,-101,64,1,0
2579,19,-102,0,3,3060,-100,152,2,10985
2587,27,-101,5,3,3537,-98,216,3,10985
2595,36,-99,31,3,3675,-96,288,3,10985
2604,45,-97,24,3,4222,-93,360,4,37130
2614,54,-91,96,3,3638,-89,432,2,76714
2623,62,-87,526,3,2246,-86,496,1,92644
2632,72,-81,591,3,2295,-80,576,1,102208
2640,81,-77,585,3,2389,-76,600,1,110991
2650,90,-71,523,3,2531,-70,584,1,120452
2658,98,-69,501,3,3008,-66,520,3,128280
2666,107,-65,467,3,3204,-61,448,4,153975
2675,115,-61,459,3,2749,-58,384,3,187983
2684,124,-55,485,3,1567,-55,312,0,216048
2693,133,-51,496,3,1018,-52,240,-1,216048
2701,142,-49,458,3,612,-51,168,-2,207565
2710,151,-45,391,3,-310,-50,96,-5,189617
2720,160,-43,322,3,-638,-49,24,-6,140927
2729,168,-43,322,3,-3029,-50,0,-7,94013
2738,178,-43,322,3,-3058,-50,0,-7,21801
2746,186,-43,322,3,-3079,-50,0,-7,-34066
2755,0,-44,51,0,0,0,0,0,0
2763,0,-46,-49,0,0,0,0,0,0
2771,0,-46,-49,0,0,0,0,0,0
2778,0,-46,-49,0,0,0,0,0,0
2786,0,-46,-49,0,0,0,0,0,0
2793,0,-45,-26,0,0,0,0,0,0
2800,0,-45,-26,0,0,0,0,0,0
2808,0,-45,-26,0,0,0,0,0,0
2816,0,-45,-26,0,0,0,0,0,0
2824,0,-45,-26,0,0,0,0,0,0
2832,0,-45,-26,0,0,0,0,0,0
2840,0,-45,-26,0,0,0,0,0,0
2847,0,-45,-10,0,0,0,0,0,0
2855,0,-45,-10,0,0,0,0,0,0
2864,0,-45,-10,0,0,0,0,0,0
2871,0,-45,-10,0,0,0,0,0,0
2878,0,-45,-10,0,0,0,0,0,0
2886,0,-45,-10,0,0,0,0,0,0
2893,0,-45,0,0,0,0,0,0,0
2901,0,-45,0,0,0,0,0,0,0
2908,0,-45,0,0,0,0,0,0,0
2916,0,-45,0,0,0,0,0,0,0
2923,0,-45,0,0,0,0,0,0,0
2931,0,-45,0,0,0,0,0,0,0
2938,0,-45,0,0,0,0,0,0,0
2945,0,-45,5,0,0,0,0,0,0
2953,0,-45,5,0,0,0,0,0,0
2960,0,-45,5,0,0,0,0,0,0
2968,0,-45,5,0,0,0,0,0,0
2976,0,-45,5,0,0,0,0,0,0
2983,0,-45,5,0,0,0,0,0,0
2991,0,-45,0,0,0,0,0,0,0
2998,0,-45,0,0,0,0,0,0,0
3006,0,-45,0,0,0,0,0,0,0
3013,0,-45,0,0,0,0,0,0,0
3021,0,-45,0,0,0,0,0,0,0
3028,0,-45,0,0,0,0,0,0,0
3036,0,-45,0,0,0,0,0,0,0
3043,0,-45,0,0,0,0,0,0,0
3051,0,-45,0,0,0,0,0,0,0
3058,0,-45,0,0,0,0,0,0,0
3066,0,-45,0,0,0,0,0,0,0
3073,0,-45,0,0,0,0,0,0,0
3080,0,-45,0,0,0,0,0,0,0
3088,0,-45,0,0,0,0,0,0,0
3095,0,-45,0,0,0,0,0,0,0
3103,0,-45,0,0,0,0,0,0,0
3110,0,-45,0,0,0,0,0,0,0
3118,0,-45,0,0,0,0,0,0,0
3125,0,-45,0,0,0,0,0,0,0
3133,0,-45,0,0,0,0,0,0,0
3143,0,-45,0,0,0,0,0,0,0
3150,0,-45,0,0,0,0,0,0,0
3157,0,-45,0,0,0,0,0,0,0
3165,0,-45,0,0,0,0,0,0,0
3173,0,-45,0,0,0,0,0,0,0
3181,0,-45,0,0,0,0,0,0,0
3189,0,-45,0,0,0,0,0,0,0
3196,0,-45,0,0,0,0,0,0,0
3203,0,-45,0,0,0,0,0,0,0
3213,0,-45,0,0,0,0,0,0,0
3220,0,-45,0,0,0,0,0,0,0
3228,0,-45,0,0,0,0,0,0,0
3235,0,-45,0,0,0,0,0,0,0
3243,0,-45,0,0,0,0,0,0,0
3250,0,-45,0,0,0,0,0,0,0
3258,0,-45,0,0,0,0,0,0,0
3265,0,-45,0,0,0,0,0,0,0
3273,0,-45,0,0,0,0,0,0,0
3281,0,-45,0,0,0,0,0,0,0
3288,0,-45,0,0,0,0,0,0,0
3295,0,-45,0,0,0,0,0,0,0
3303,0,-45,0,0,0,0,0,0,0
3312,0,-45,0,0,0,0,0,0,0
3319,0,-45,0,0,0,0,0,0,0
3327,0,-45,0,0,0,0,0,0,0
3335,0,-45,0,0,0,0,0,0,0
3343,0,-45,0,0,0,0,0,0,0
3350,0,-45,0,0,0,0,0,0,0
3358,0,-45,0,0,0,0,0,0,0
3365,0,-45,0,0,0,0,0,0,0
3373,0,-45,0,0,0,0,0,0,0
3380,0,-45,0,0,0,0,0,0,0
3388,0,-45,0,0,0,0,0,0,0
3395,0,-45,0,0,0,0,0,0,0
3403,0,-45,0,0,0,0,0,0,0
3412,0,-45,0,0,0,0,0,0,0
3419,0,-45,0,0,0,0,0,0,0
3426,0,-45,0,0,0,0,0,0,0
3434,0,-45,0,0,0,0,0,0,0
3441,0,-45,0,0,0,0,0,0,0
3450,0,-45,0,0,0,0,0,0,0
3457,0,-45,0,0,0,0,0,0,0
3464,0,-45,0,0,0,0,0,0,0
3470,0,-45,0,0,0,0,0,0,0
3478,0,-45,0,0,0,0,0,0,0
3486,0,-45,0,0,0,0,0,0,0
3493,0,-45,0,0,0,0,0,0,0
3501,0,-45,0,0,0,0,0,0,0
3508,0,-45,0,0,0,0,0,0,0
3516,0,-45,0,0,0,0,0,0,0
3524,0,-45,0,0,0,0,0,0,0
3535,0,-45,0,0,0,0,0,0,0
3543,0,-45,0,0,0,0,0,0,0
3550,0,-45,0,0,0,0,0,0,0
3558,0,-45,0,0,0,0,0,0,0
3566,0,-45,0,0,0,0,0,0,0
3573,0,-45,0,0,0,0,0,0,0
3583,0,-45,0,0,0,0,0,0,0
3590,0,-45,0,0,0,0,0,0,0
3598,0,-45,0,0,0,0,0,0,0
3605,0,-45,0,0,0,0,0,0,0
3613,0,-45,0,0,0,0,0,0,0
3620,0,-45,0,0,0,0,0,0,0
3628,0,-45,0,0,0,0,0,0,0
3636,0,-45,0,0,0,0,0,0,0
3643,0,-45,0,0,0,0,0,0,0
3650,0,-45,0,0,0,0,0,0,0
3658,0,-45,0,0,0,0,0,0,0
3665,0,-45,0,0,0,0,0,0,0
3673,0,-45,0,0,0,0,0,0,0
3681,0,-45,0,0,0,0,0,0,0
3688,0,-45,0,0,0,0,0,0,0
3696,0,-45,0,0,0,0,0,0,0
3703,0,-45,0,0,0,0,0,0,0
3710,0,-45,0,0,0,0,0,0,0
3718,0,-45,0,0,0,0,0,0,0
3725,0,-45,0,0,0,0,0,0,0
3733,0,-45,0,0,0,0,0,0,0
3743,0,-45,0,0,0,0,0,0,0
3750,0,-45,0,0,0,0,0,0,0
3757,0,-45,0,0,0,0,0,0,0
3768,6,-45,0,3,2444,-44,48,1,0
3776,16,-45,0,3,2987,-43,128,2,9685
3786,25,-45,0,3,3510,-42,200,3,27315
3795,34,-43,19,3,3681,-40,272,3,55335
3804,44,-40,53,3,3830,-37,352,3,83643
3813,53,-35,397,3,2725,-33,424,2,112686
3823,62,-31,432,3,2844,-29,496,2,130070
3832,71,-27,493,3,3184,-24,568,3,148972
3841,80,-21,495,3,2889,-19,568,2,175552
3849,88,-17,490,3,3018,-14,504,3,191712
3858,97,-13,490,3,2813,-10,432,3,218646
3866,106,-9,490,3,2307,-7,360,2,244197
3874,114,-5,484,3,1840,-4,296,1,260055
3883,123,-1,460,3,1099,-2,224,-1,269155
3894,133,1,431,3,942,0,144,-1,258694
3903,142,3,361,3,332,0,72,-3,249677
3912,151,5,301,3,-2314,0,0,-5,224774
3921,161,5,301,3,-2334,0,0,-5,174474
3933,0,4,63,0,0,0,0,0,0
3941,0,4,63,0,0,0,0,0,0
3948,0,4,63,0,0,0,0,0,0
3956,0,4,63,0,0,0,0,0,0
3964,0,4,63,0,0,0,0,0,0
3971,0,4,63,0,0,0,0,0,0
3978,0,4,12,0,0,0,0,0,0
3985,0,4,12,0,0,0,0,0,0
3993,0,4,12,0,0,0,0,0,0
4001,0,4,12,0,0,0,0,0,0
4009,0,4,12,0,0,0,0,0,0
4016,0,4,12,0,0,0,0,0,0
4023,0,4,12,0,0,0,0,0,0
4031,0,4,0,0,0,0,0,0,0
4039,0,4,0,0,0,0,0,0,0
4046,0,4,0,0,0,0,0,0,0
4054,0,4,0,0,0,0,0,0,0
4061,0,4,0,0,0,0,0,0,0
4070,0,4,0,0,0,0,0,0,0
4077,0,4,-5,0,0,0,0,0,0
4084,0,4,-5,0,0,0,0,0,0
4093,0,4,-5,0,0,0,0,0,0
4100,0,4,-5,0,0,0,0,0,0
4108,0,4,-5,0,0,0,0,0,0
4116,0,4,-5,0,0,0,0,0,0
4124,0,4,-5,0,0,0,0,0,0
4131,0,4,0,0,0,0,0,0,0
4138,0,4,0,0,0,0,0,0,0
4146,0,4,0,0,0,0,0,0,0
4153,0,4,0,0,0,0,0,0,0
4160,0,4,0,0,0,0,0,0,0
4168,0,4,0,0,0,0,0,0,0
4175,0,4,0,0,0,0,0,0,0
4183,0,4,0,0,0,0,0,0,0
4191,0,4,0,0,0,0,0,0,0
4198,0,4,0,0,0,0,0,0,0
4206,0,4,0,0,0,0,0,0,0
4213,0,4,0,0,0,0,0,0,0
4221,0,4,0,0,0,0,0,0,0
4228,0,4,0,0,0,0,0,0,0
4236,0,4,0,0,0,0,0,0,0
4243,0,4,0,0,0,0,0,0,0
4250,0,4,0,0,0,0,0,0,0
4259,0,4,0,0,0,0,0,0,0
4266,0,4,0,0,0,0,0,0,0
4273,0,4,0,0,0,0,0,0,0
4281,0,4,0,0,0,0,0,0,0
4288,0,4,0,0,0,0,0,0,0
4296,0,4,0,0,0,0,0,0,0
4304,0,4,0,0,0,0,0,0,0
4311,0,4,0,0,0,0,0,0,0
4318,0,4,0,0,0,0,0,0,0
4326,0,4,0,0,0,0,0,0,0
4333,0,4,0,0,0,0,0,0,0
4341,0,4,0,0,0,0,0,0,0
4349,0,4,0,0,0,0,0,0,0
4356,0,4,0,0,0,0,0,0,0
4363,0,4,0,0,0,0,0,0,0
4371,0,4,0,0,0,0,0,0,0
4379,0,4,0,0,0,0,0,0,0
4386,0,4,0,0,0,0,0,0,0
4393,0,4,0,0,0,0,0,0,0
4401,0,4,0,0,0,0,0,0,0
4410,0,4,0,0,0,0,0,0,0
4417,0,4,0,0,0,0,0,0,0
4424,0,4,0,0,0,0,0,0,0
4432,0,4,0,0,0,0,0,0,0
4440,0,4,0,0,0,0,0,0,0
4448,0,4,0,0,0,0,0,0,0
4456,0,4,0,0,0,0,0,0,0
4463,0,4,0,0,0,0,0,0,0
4470,0,4,0,0,0,0,0,0,0
4478,0,4,0,0,0,0,0,0,0
4486,0,4,0,0,0,0,0,0,0
4493,0,4,0,0,0,0,0,0,0
4501,0,4,0,0,0,0,0,0,0
4508,0,4,0,0,0,0,0,0,0
4515,0,4,0,0,0,0,0,0,0
4523,0,4,0,0,0,0,0,0,0
4531,0,4,0,0,0,0,0,0,0
4538,0,4,0,0,0,0,0,0,0
4545,0,4,0,0,0,0,0,0,0
4553,0,4,0,0,0,0,0,0,0
4560,0,4,0,0,0,0,0,0,0
4568,0,4,0,0,0,0,0,0,0
4575,0,4,0,0,0,0,0,0,0
4583,0,4,0,0,0,0,0,0,0
4591,0,4,0,0,0,0,0,0,0
4599,0,4,0,0,0,0,0,0,0
4607,0,4,0,0,0,0,0,0,0
4614,0,4,0,0,0,0,0,0,0
4622,0,4,0,0,0,0,0,0,0
4630,0,4,0,0,0,0,0,0,0
4637,0,4,0,0,0,0,0,0,0
4644,0,4,0,0,0,0,0,0,0
4653,0,4,0,0,0,0,0,0,0
4661,0,4,0,0,0,0,0,0,0
4668,0,4,0,0,0,0,0,0,0
4675,0,4,0,0,0,0,0,0,0
4683,0,4,0,0,0,0,0,0,0
4691,0,4,0,0,0,0,0,0,0
4699,0,4,0,0,0,0,0,0,0
4706,0,4,0,0,0,0,0,0,0
4713,0,4,0,0,0,0,0,0,0
4720,0,4,0,0,0,0,0,0,0
4728,0,4,0,0,0,0,0,0,0
4735,0,4,0,0,0,0,0,0,0
4743,0,4,0,0,0,0,0,0,0
4750,0,4,0,0,0,0,0,0,0
4758,0,4,0,0,0,0,0,0,0
4766,0,4,0,0,0,0,0,0,0
4773,0,4,0,0,0,0,0,0,0
4780,0,4,0,0,0,0,0,0,0
4788,0,4,0,0,0,0,0,0,0
4794,0,4,0,0,0,0,0,0,0
4803,0,4,0,0,0,0,0,0,0
4811,0,4,0,0,0,0,0,0,0
4818,0,4,0,0,0,0,0,0,0
4826,0,4,0,0,0,0,0,0,0
4833,0,4,0,0,0,0,0,0,0
4841,0,4,0,0,0,0,0,0,0
4848,0,4,0,0,0,0,0,0,0
4856,0,4,0,0,0,0,0,0,0
4863,0,4,0,0,0,0,0,0,0
4870,0,4,0,0,0,0,0,0,0
4879,0,4,0,0,0,0,0,0,0
4886,0,4,0,0,0,0,0,0,0
4893,0,4,0,0,0,0,0,0,0
4901,0,4,0,0,0,0,0,0,0
4908,0,4,0,0,0,0,0,0,0
4916,0,4,0,0,0,0,0,0,0
4923,0,4,0,0,0,0,0,0,0
4930,0,4,0,0,0,0,0,0,0
4940,3,4,0,3,2072,4,24,0,0
4949,12,4,0,3,2288,4,96,0,0
4957,20,4,0,3,2780,5,160,1,0
4965,28,5,5,3,3260,7,224,2,8177
4974,37,7,32,3,3402,9,296,2,26265
4983,46,11,67,3,3220,12,368,1,43341
4994,55,15,356,3,2572,16,440,1,52615
5003,65,19,377,3,3053,21,520,2,62472
5013,74,23,409,3,3481,26,592,3,80282
5023,85,27,417,3,3926,32,544,5,113612
5033,95,33,447,3,3317,37,464,4,165617
5041,104,37,490,3,2986,41,392,4,201073
5050,113,41,518,3,2400,44,320,3,236169
5058,121,45,516,3,1624,46,256,1,260550
5067,130,49,472,3,943,48,184,-1,269479
5076,138,51,396,3,676,49,120,-2,261318
5084,147,53,316,3,393,50,48,-3,243540
5094,157,53,316,3,-1763,50,0,-3,214227
5103,166,53,316,3,-1774,50,0,-3,187527
5112,174,53,316,3,-1783,50,0,-3,163152
5120,183,53,316,3,-1795,50,0,-3,134502
5128,191,53,316,3,-1804,50,0,-3,111198
5137,0,53,50,0,0,0,0,0,0
5146,0,53,50,0,0,0,0,0,0
5153,0,53,50,0,0,0,0,0,0
5161,0,53,50,0,0,0,0,0,0
5170,0,53,50,0,0,0,0,0,0
5177,0,53,50,0,0,0,0,0,0
5185,0,53,18,0,0,0,0,0,0
5193,0,53,18,0,0,0,0,0,0
5200,0,53,18,0,0,0,0,0,0
5208,0,53,18,0,0,0,0,0,0
5215,0,53,18,0,0,0,0,0,0
5223,0,53,18,0,0,0,0,0,0
5231,0,53,6,0,0,0,0,0,0
5240,0,53,6,0,0,0,0,0,0
5247,0,53,6,0,0,0,0,0,0
5255,0,53,6,0,0,0,0,0,0
5263,0,53,6,0,0,0,0,0,0
5270,0,53,6,0,0,0,0,0,0
5278,0,53,6,0,0,0,0,0,0
5286,0,53,0,0,0,0,0,0,0
5293,0,53,0,0,0,0,0,0,0
5300,0,53,0,0,0,0,0,0,0
5308,0,53,0,0,0,0,0,0,0
5315,0,53,0,0,0,0,0,0,0
5323,0,53,0,0,0,0,0,0,0
5331,0,53,0,0,0,0,0,0,0
5338,0,53,0,0,0,0,0,0,0
5345,0,53,0,0,0,0,0,0,0
5353,0,53,0,0,0,0,0,0,0
5360,0,53,0,0,0,0,0,0,0
5368,0,53,0,0,0,0,0,0,0
5375,0,53,0,0,0,0,0,0,0
5383,0,53,0,0,0,0,0,0,0
5390,0,53,0,0,0,0,0,0,0
5398,0,53,0,0,0,0,0,0,0
5406,0,53,0,0,0,0,0,0,0
5413,0,53,0,0,0,0,0,0,0
5421,0,53,0,0,0,0,0,0,0
5428,0,53,0,0,0,0,0,0,0
5436,0,53,0,0,0,0,0,0,0
5443,0,53,0,0,0,0,0,0,0
5450,0,53,0,0,0,0,0,0,0
5458,0,53,0,0,0,0,0,0,0
5465,0,53,0,0,0,0,0,0,0
5473,0,53,0,0,0,0,0,0,0
5480,0,53,0,0,0,0,0,0,0
5488,0,53,0,0,0,0,0,0,0
5495,0,53,0,0,0,0,0,0,0
5503,0,53,0,0,0,0,0,0,0
5510,0,53,0,0,0,0,0,0,0
5518,0,53,0,0,0,0,0,0,0
5526,0,53,0,0,0,0,0,0,0
5533,0,53,0,0,0,0,0,0,0
5540,0,53,0,0,0,0,0,0,0
5549,0,53,0,0,0,0,0,0,0
5558,0,53,0,0,0,0,0,0,0
5565,0,53,0,0,0,0,0,0,0
5573,0,53,0,0,0,0,0,0,0
5581,0,53,0,0,0,0,0,0,0
5588,0,53,0,0,0,0,0,0,0
5596,0,53,0,0,0,0,0,0,0
5603,0,53,0,0,0,0,0,0,0
5610,0,53,0,0,0,0,0,0,0
5618,0,53,0,0,0,0,0,0,0
5626,0,53,0,0,0,0,0,0,0
5634,0,53,0,0,0,0,0,0,0
5643,0,53,0,0,0,0,0,0,0
5650,0,53,0,0,0,0,0,0,0
5657,0,53,0,0,0,0,0,0,0
5665,0,53,0,0,0,0,0,0,0
5673,0,53,0,0,0,0,0,0,0
5680,0,53,0,0,0,0,0,0,0
5688,0,53,0,0,0,0,0,0,0
5695,0,53,0,0,0,0,0,0,0
5703,0,53,0,0,0,0,0,0,0
5710,0,53,0,0,0,0,0,0,0
5718,0,53,0,0,0,0,0,0,0
5725,0,53,0,0,0,0,0,0,0
5733,0,53,0,0,0,0,0,0,0
5741,0,53,0,0,0,0,0,0,0
5748,0,53,0,0,0,0,0,0,0
5756,0,53,0,0,0,0,0,0,0
5763,0,53,0,0,0,0,0,0,0
5770,0,53,0,0,0,0,0,0,0
5779,0,53,0,0,0,0,0,0,0
5786,0,53,0,0,0,0,0,0,0
5793,0,53,0,0,0,0,0,0,0
5800,0,53,0,0,0,0,0,0,0
5810,0,53,0,0,0,0,0,0,0
5817,0,53,0,0,0,0,0,0,0
5824,0,53,0,0,0,0,0,0,0
5831,0,53,0,0,0,0,0,0,0
5839,0,53,0,0,0,0,0,0,0
5846,0,53,0,0,0,0,0,0,0
5854,0,53,0,0,0,0,0,0,0
5863,0,53,0,0,0,0,0,0,0
5870,0,53,0,0,0,0,0,0,0
5877,0,53,0,0,0,0,0,0,0
5885,0,53,0,0,0,0,0,0,0
5893,0,53,0,0,0,0,0,0,0
5900,0,53,0,0,0,0,0,0,0
5908,0,53,0,0,0,0,0,0,0
5915,0,53,0,0,0,0,0,0,0
5923,0,53,0,0,0,0,0,0,0
5930,0,53,0,0,0,0,0,0,0
5939,0,53,0,0,0,0,0,0,0
5946,0,53,0,0,0,0,0,0,0
5954,0,53,0,0,0,0,0,0,0
5963,0,53,0,0,0,0,0,0,0
5970,0,53,0,0,0,0,0,0,0
5977,0,53,0,0,0,0,0,0,0
5985,0,53,0,0,0,0,0,0,0
5993,0,53,0,0,0,0,0,0,0
6000,0,53,0,0,0,0,0,0,0
6008,0,53,0,0,0,0,0,0,0
6016,0,53,0,0,0,0,0,0,0
6023,0,53,0,0,0,0,0,0,0
6033,0,53,0,0,0,0,0,0,0
6040,0,53,0,0,0,0,0,0,0
6048,0,53,0,0,0,0,0,0,0
6055,0,53,0,0,0,0,0,0,0
6063,0,53,0,0,0,0,0,0,0
6070,0,53,0,0,0,0,0,0,0
6077,0,53,0,0,0,0,0,0,0
6086,0,53,0,0,0,0,0,0,0
6093,0,53,0,0,0,0,0,0,0
6101,0,53,0,0,0,0,0,0,0
6109,0,53,0,0,0,0,0,0,0
6116,0,53,0,0,0,0,0,0,0
6123,0,53,0,0,0,0,0,0,0
6131,0,53,0,0,0,0,0,0,0
6139,0,53,0,0,0,0,0,0,0
6149,5,53,0,3,2120,53,40,0,0
6157,15,53,0,3,2360,53,120,0,0
6166,23,55,15,3,2507,55,184,0,0
6174,32,55,15,3,3323,57,256,2,0
6183,40,57,76,3,3338,59,320,2,16240
6193,49,59,141,3,3667,62,392,3,35462
6200,58,61,120,3,4556,66,464,5,61727
6210,68,65,323,3,4506,71,544,6,108522
6218,76,69,367,3,4561,75,600,6,156006
6226,84,75,520,3,3726,80,568,5,206736
6234,92,79,581,3,3367,84,504,5,245756
6244,102,85,596,3,2801,89,424,4,294826
6253,110,89,562,3,2424,92,360,3,327326
6262,119,93,507,3,2085,95,288,2,356189
6270,128,97,390,3,1627,97,216,0,373893
6280,138,99,338,3,1543,99,136,0,373893
6289,146,99,338,3,1651,100,72,1,373893
6298,155,101,193,3,-726,100,0,-1,383258
6306,164,101,193,3,-730,100,0,-1,374287
6315,172,101,193,3,-733,100,0,-1,366285
6324,182,101,193,3,-737,100,0,-1,356733
6333,191,101,193,3,-741,100,0,-1,347355
6344,0,101,47,0,0,0,0,0,0
6355,0,101,47,0,0,0,0,0,0
6363,0,101,47,0,0,0,0,0,0
6370,0,101,47,0,0,0,0,0,0
6378,0,101,47,0,0,0,0,0,0
6386,0,101,47,0,0,0,0,0,0
6393,0,101,17,0,0,0,0,0,0
6401,0,101,17,0,0,0,0,0,0
6408,0,101,17,0,0,0,0,0,0
6415,0,101,17,0,0,0,0,0,0
6424,0,101,17,0,0,0,0,0,0
6431,0,101,17,0,0,0,0,0,0
6438,0,101,17,0,0,0,0,0,0
6446,0,101,6,0,0,0,0,0,0
6453,0,101,6,0,0,0,0,0,0
6460,0,101,6,0,0,0,0,0,0
6468,0,101,6,0,0,0,0,0,0
6475,0,101,6,0,0,0,0,0,0
6483,0,101,6,0,0,0,0,0,0
6491,0,101,0,0,0,0,0,0,0
6499,0,101,0,0,0,0,0,0,0
6506,0,101,0,0,0,0,0,0,0
6513,0,101,0,0,0,0,0,0,0
6521,0,101,0,0,0,0,0,0,0
6529,0,101,0,0,0,0,0,0,0
6536,0,101,0,0,0,0,0,0,0
6543,0,101,0,0,0,0,0,0,0
6550,0,101,0,0,0,0,0,0,0
6558,0,101,0,0,0,0,0,0,0
6566,0,101,0,0,0,0,0,0,0
6573,0,101,0,0,0,0,0,0,0
6581,0,101,0,0,0,0,0,0,0
6588,0,101,0,0,0,0,0,0,0
6596,0,101,0,0,0,0,0,0,0
6603,0,101,0,0,0,0,0,0,0
6610,0,101,0,0,0,0,0,0,0
6617,0,101,0,0,0,0,0,0,0
6625,0,101,0,0,0,0,0,0,0
6633,0,101,0,0,0,0,0,0,0
6641,0,101,0,0,0,0,0,0,0
6649,0,101,0,0,0,0,0,0,0
6656,0,101,0,0,0,0,0,0,0
6666,0,101,0,0,0,0,0,0,0
6673,0,101,0,0,0,0,0,0,0
6681,0,101,0,0,0,0,0,0,0
6688,0,101,0,0,0,0,0,0,0
6696,0,101,0,0,0,0,0,0,0
6704,0,101,0,0,0,0,0,0,0
6712,0,101,0,0,0,0,0,0,0
6720,0,101,0,0,0,0,0,0,0
6728,0,101,0,0,0,0,0,0,0
6735,0,101,0,0,0,0,0,0,0
6743,0,101,0,0,0,0,0,0,0
6750,0,101,0,0,0,0,0,0,0
6759,0,101,0,0,0,0,0,0,0
6766,0,101,0,0,0,0,0,0,0
6773,0,101,0,0,0,0,0,0,0
6780,0,101,0,0,0,0,0,0,0
6788,0,101,0,0,0,0,0,0,0
6795,0,101,0,0,0,0,0,0,0
6803,0,101,0,0,0,0,0,0,0
6810,0,101,0,0,0,0,0,0,0
6818,0,101,0,0,0,0,0,0,0
6826,0,101,0,0,0,0,0,0,0
6834,0,101,0,0,0,0,0,0,0
6841,0,101,0,0,0,0,0,0,0
6848,0,101,0,0,0,0,0,0,0
6855,0,101,0,0,0,0,0,0,0
6863,0,101,0,0,0,0,0,0,0
6870,0,101,0,0,0,0,0,0,0
6878,0,101,0,0,0,0,0,0,0
6885,0,101,0,0,0,0,0,0,0
6893,0,101,0,0,0,0,0,0,0
6901,0,101,0,0,0,0,0,0,0
6908,0,101,0,0,0,0,0,0,0
6915,0,101,0,0,0,0,0,0,0
6923,0,101,0,0,0,0,0,0,0
6930,0,101,0,0,0,0,0,0,0
6938,0,101,0,0,0,0,0,0,0
6946,0,101,0,0,0,0,0,0,0
6954,0,101,0,0,0,0,0,0,0
6961,0,101,0,0,0,0,0,0,0
6968,0,101,0,0,0,0,0,0,0
6976,0,101,0,0,0,0,0,0,0
6983,0,101,0,0,0,0,0,0,0
6991,0,101,0,0,0,0,0,0,0
6998,0,101,0,0,0,0,0,0,0
7006,0,101,0,0,0,0,0,0,0
7014,0,101,0,0,0,0,0,0,0
7023,0,101,0,0,0,0,0,0,0
7030,0,101,0,0,0,0,0,0,0
7038,0,101,0,0,0,0,0,0,0
7045,0,101,0,0,0,0,0,0,0
7053,0,101,0,0,0,0,0,0,0
7059,0,101,0,0,0,0,0,0,0
7067,0,101,0,0,0,0,0,0,0
7074,0,101,0,0,0,0,0,0,0
7081,0,101,0,0,0,0,0,0,0
7090,0,101,0,0,0,0,0,0,0
7097,0,101,0,0,0,0,0,0,0
7105,0,101,0,0,0,0,0,0,0
7113,0,101,0,0,0,0,0,0,0
7120,0,101,0,0,0,0,0,0,0
7128,0,101,0,0,0,0,0,0,0
7135,0,101,0,0,0,0,0,0,0
7143,0,101,0,0,0,0,0,0,0
7151,0,101,0,0,0,0,0,0,0
7159,0,101,0,0,0,0,0,0,0
7166,0,101,0,0,0,0,0,0,0
7173,0,101,0,0,0,0,0,0,0
7181,0,101,0,0,0,0,0,0,0
7188,0,101,0,0,0,0,0,0,0
7196,0,101,0,0,0,0,0,0,0
7203,0,101,0,0,0,0,0,0,0
7210,0,101,0,0,0,0,0,0,0
7218,0,101,0,0,0,0,0,0,0
7225,0,101,0,0,0,0,0,0,0
7233,0,101,0,0,0,0,0,0,0
7241,0,101,0,0,0,0,0,0,0
7248,0,101,0,0,0,0,0,0,0
7255,0,101,0,0,0,0,0,0,0
7263,0,101,0,0,0,0,0,0,0
7271,0,101,0,0,0,0,0,0,0
7278,0,101,0,0,0,0,0,0,0
7286,0,101,0,0,0,0,0,0,0
7293,0,101,0,0,0,0,0,0,0
7300,0,101,0,0,0,0,0,0,0
7308,0,101,0,0,0,0,0,0,0
7316,0,101,0,0,0,0,0,0,0
7323,0,101,0,0,0,0,0,0,0
7331,0,101,0,0,0,0,0,0,0
7338,0,101,0,0,0,0,0,0,0
7346,0,101,0,0,0,0,0,0,0
7356,6,101,0,3,-2444,100,-48,-1,0
7364,15,100,-5,3,-2348,100,-120,0,-9190
7373,23,100,-5,3,-3140,98,-184,-2,-9190
7383,33,100,-5,3,-3980,96,-264,-4,-9190
7391,42,96,-129,3,-3538,93,-336,-3,-44278
7400,51,92,-197,3,-3261,90,-408,-2,-71467
7408,59,89,-244,3,-3618,86,-472,-3,-87441
7417,68,84,-462,3,-2891,82,-544,-2,-113622
7425,76,80,-503,3,-2942,78,-600,-2,-129728
7434,85,76,-514,3,-3517,72,-600,-4,-148122
7443,94,72,-507,3,-3660,67,-536,-5,-184202
7453,103,66,-520,3,-3123,62,-464,-4,-229137
7461,112,62,-545,3,-2546,59,-392,-3,-264229
7470,121,56,-552,3,-1720,55,-320,-1,-291403
7478,129,52,-513,3,-1048,53,-256,1,-299456
7487,138,50,-478,3,-934,51,-184,1,-290554
7495,146,48,-398,3,-678,50,-120,2,-282572
7504,155,46,-339,3,-332,49,-48,3,-263994
7514,164,44,-190,3,2276,50,0,6,-235494
7524,175,44,-190,3,2301,50,0,6,-173610
7534,0,45,-70,0,0,0,0,0,0
7545,0,45,-70,0,0,0,0,0,0
7554,0,45,-70,0,0,0,0,0,0
7561,0,45,-30,0,0,0,0,0,0
7569,0,44,-30,0,0,0,0,0,0
7576,0,44,-30,0,0,0,0,0,0
7584,0,44,-30,0,0,0,0,0,0
7591,0,44,-30,0,0,0,0,0,0
7599,0,44,-30,0,0,0,0,0,0
7606,0,44,-30,0,0,0,0,0,0
7613,0,44,-9,0,0,0,0,0,0
7621,0,44,-9,0,0,0,0,0,0
7628,0,44,-9,0,0,0,0,0,0
7636,0,44,-9,0,0,0,0,0,0
7643,0,44,-9,0,0,0,0,0,0
7650,0,44,-9,0,0,0,0,0,0
7658,0,44,-9,0,0,0,0,0,0
7666,0,44,0,0,0,0,0,0,0
7673,0,44,0,0,0,0,0,0,0
7680,0,44,0,0,0,0,0,0,0
7688,0,44,0,0,0,0,0,0,0
7696,0,44,0,0,0,0,0,0,0
7703,0,44,0,0,0,0,0,0,0
7711,0,44,0,0,0,0,0,0,0
7718,0,44,-5,0,0,0,0,0,0
7726,0,44,-5,0,0,0,0,0,0
7734,0,44,-5,0,0,0,0,0,0
7741,0,44,-5,0,0,0,0,0,0
7749,0,44,-5,0,0,0,0,0,0
7756,0,44,-5,0,0,0,0,0,0
7763,0,44,0,0,0,0,0,0,0
7771,0,44,0,0,0,0,0,0,0
7778,0,44,0,0,0,0,0,0,0
7785,0,44,0,0,0,0,0,0,0
7793,0,44,0,0,0,0,0,0,0
7801,0,44,0,0,0,0,0,0,0
7808,0,44,0,0,0,0,0,0,0
7816,0,44,0,0,0,0,0,0,0
7824,0,44,0,0,0,0,0,0,0
7831,0,44,0,0,0,0,0,0,0
7838,0,44,0,0,0,0,0,0,0
7845,0,44,0,0,0,0,0,0,0
7853,0,44,0,0,0,0,0,0,0
7861,0,44,0,0,0,0,0,0,0
7868,0,44,0,0,0,0,0,0,0
7876,0,44,0,0,0,0,0,0,0
7883,0,44,0,0,0,0,0,0,0
7890,0,44,0,0,0,0,0,0,0
7898,0,44,0,0,0,0,0,0,0
7906,0,44,0,0,0,0,0,0,0
7913,0,44,0,0,0,0,0,0,0
7920,0,44,0,0,0,0,0,0,0
7928,0,44,0,0,0,0,0,0,0
7936,0,44,0,0,0,0,0,0,0
7943,0,44,0,0,0,0,0,0,0
7953,0,44,0,0,0,0,0,0,0
7960,0,44,0,0,0,0,0,0,0
7967,0,44,0,0,0,0,0,0,0
7976,0,44,0,0,0,0,0,0,0
7983,0,44,0,0,0,0,0,0,0
7990,0,44,0,0,0,0,0,0,0
7998,0,44,0,0,0,0,0,0,0
8005,0,44,0,0,0,0,0,0,0
8013,0,44,0,0,0,0,0,0,0
8020,0,44,0,0,0,0,0,0,0
8028,0,44,0,0,0,0,0,0,0
8035,0,44,0,0,0,0,0,0,0
8043,0,44,0,0,0,0,0,0,0
8051,0,44,0,0,0,0,0,0,0
8058,0,44,0,0,0,0,0,0,0
8065,0,44,0,0,0,0,0,0,0
8073,0,44,0,0,0,0,0,0,0
8081,0,44,0,0,0,0,0,0,0
8088,0,44,0,0,0,0,0,0,0
8095,0,44,0,0,0,0,0,0,0
8103,0,44,0,0,0,0,0,0,0
8110,0,44,0,0,0,0,0,0,0
8120,0,44,0,0,0,0,0,0,0
8128,0,44,0,0,0,0,0,0,0
8135,0,44,0,0,0,0,0,0,0
8143,0,44,0,0,0,0,0,0,0
8153,0,44,0,0,0,0,0,0,0
8161,0,44,0,0,0,0,0,0,0
8168,0,44,0,0,0,0,0,0,0
8175,0,44,0,0,0,0,0,0,0
8183,0,44,0,0,0,0,0,0,0
8190,0,44,0,0,0,0,0,0,0
8198,0,44,0,0,0,0,0,0,0
8205,0,44,0,0,0,0,0,0,0
8213,0,44,0,0,0,0,0,0,0
8221,0,44,0,0,0,0,0,0,0
8229,0,44,0,0,0,0,0,0,0
8237,0,44,0,0,0,0,0,0,0
8245,0,44,0,0,0,0,0,0,0
8253,0,44,0,0,0,0,0,0,0
8260,0,44,0,0,0,0,0,0,0
8267,0,44,0,0,0,0,0,0,0
8275,0,44,0,0,0,0,0,0,0
8283,0,44,0,0,0,0,0,0,0
8291,0,44,0,0,0,0,0,0,0
8299,0,44,0,0,0,0,0,0,0
8306,0,44,0,0,0,0,0,0,0
8313,0,44,0,0,0,0,0,0,0
8321,0,44,0,0,0,0,0,0,0
8329,0,44,0,0,0,0,0,0,0
8336,0,44,0,0,0,0,0,0,0
8343,0,44,0,0,0,0,0,0,0
8350,0,44,0,0,0,0,0,0,0
8358,0,44,0,0,0,0,0,0,0
8365,0,44,0,0,0,0,0,0,0
8373,0,44,0,0,0,0,0,0,0
8382,0,44,0,0,0,0,0,0,0
8389,0,44,0,0,0,0,0,0,0
8396,0,44,0,0,0,0,0,0,0
8404,0,44,0,0,0,0,0,0,0
8413,0,44,0,0,0,0,0,0,0
8420,0,44,0,0,0,0,0,0,0
8427,0,44,0,0,0,0,0,0,0
8434,0,44,0,0,0,0,0,0,0
8443,0,44,0,0,0,0,0,0,0
8450,0,44,0,0,0,0,0,0,0
8457,0,44,0,0,0,0,0,0,0
8465,0,44,0,0,0,0,0,0,0
8473,0,44,0,0,0,0,0,0,0
8480,0,44,0,0,0,0,0,0,0
8488,0,44,0,0,0,0,0,0,0
8495,0,44,0,0,0,0,0,0,0
8503,0,44,0,0,0,0,0,0,0
8511,0,44,0,0,0,0,0,0,0
8518,0,44,0,0,0,0,0,0,0
8526,0,44,0,0,0,0,0,0,0
8533,0,44,0,0,0,0,0,0,0
8545,5,44,0,3,-2420,43,-40,-1,0
8554,15,44,0,3,-2663,43,-120,-1,-9856
8563,23,44,0,3,-3458,41,-184,-3,-17761
8575,32,42,-18,3,-3632,39,-256,-3,-45445
8584,45,38,-49,3,-3866,35,-360,-3,-83929
8593,54,34,-354,3,-2878,32,-432,-2,-111301
8603,63,30,-387,3,-3302,27,-504,-3,-128683
8612,72,26,-450,3,-3340,23,-576,-3,-155158
8623,82,22,-465,3,-3766,17,-529,-5,-186559
8631,92,16,-474,3,-3218,12,-449,-4,-234249
8640,100,12,-489,3,-2694,9,-385,-3,-266749
8648,109,8,-491,3,-2484,5,-313,-3,-295393
8657,118,4,-469,3,-1744,3,-241,-1,-320983
8666,127,2,-447,3,-1597,1,-169,-1,-329734
8674,135,0,-385,3,-1295,0,-105,0,-338227
8683,144,-2,-321,3,-671,0,-33,2,-338227
8694,155,-4,-174,3,1596,0,0,4,-316305
8704,0,-3,-94,0,0,0,0,0,0
8713,0,-3,-94,0,0,0,0,0,0
8720,0,-3,-94,0,0,0,0,0,0
8728,0,-3,-94,0,0,0,0,0,0
8735,0,-3,-94,0,0,0,0,0,0
8743,0,-3,-94,0,0,0,0,0,0
8751,0,-3,-14,0,0,0,0,0,0
8758,0,-3,-14,0,0,0,0,0,0
8766,0,-3,-14,0,0,0,0,0,0
8774,0,-3,-14,0,0,0,0,0,0
8781,0,-3,-14,0,0,0,0,0,0
8788,0,-3,-14,0,0,0,0,0,0
8796,0,-3,-14,0,0,0,0,0,0
8803,0,-3,0,0,0,0,0,0,0
8811,0,-3,0,0,0,0,0,0,0
8818,0,-3,0,0,0,0,0,0,0
8826,0,-3,0,0,0,0,0,0,0
8833,0,-3,0,0,0,0,0,0,0
8841,0,-3,0,0,0,0,0,0,0
8848,0,-3,6,0,0,0,0,0,0
8856,0,-3,6,0,0,0,0,0,0
8863,0,-3,6,0,0,0,0,0,0
8870,0,-3,6,0,0,0,0,0,0
8878,0,-3,6,0,0,0,0,0,0
8886,0,-3,6,0,0,0,0,0,0
8893,0,-3,6,0,0,0,0,0,0
8900,0,-3,0,0,0,0,0,0,0
8908,0,-3,0,0,0,0,0,0,0
8916,0,-3,0,0,0,0,0,0,0
8924,0,-3,0,0,0,0,0,0,0
8931,0,-3,0,0,0,0,0,0,0
8938,0,-3,0,0,0,0,0,0,0
8947,0,-3,0,0,0,0,0,0,0
8955,0,-3,0,0,0,0,0,0,0
8963,0,-3,0,0,0,0,0,0,0
8970,0,-3,0,0,0,0,0,0,0
8978,0,-3,0,0,0,0,0,0,0
8985,0,-3,0,0,0,0,0,0,0
8993,0,-3,0,0,0,0,0,0,0
9000,0,-3,0,0,0,0,0,0,0
9008,0,-3,0,0,0,0,0,0,0
9015,0,-3,0,0,0,0,0,0,0
9023,0,-3,0,0,0,0,0,0,0
9031,0,-3,0,0,0,0,0,0,0
9039,0,-3,0,0,0,0,0,0,0
9046,0,-3,0,0,0,0,0,0,0
9054,0,-3,0,0,0,0,0,0,0
9062,0,-3,0,0,0,0,0,0,0
9069,0,-3,0,0,0,0,0,0,0
9076,0,-3,0,0,0,0,0,0,0
9083,0,-3,0,0,0,0,0,0,0
9091,0,-3,0,0,0,0,0,0,0
9098,0,-3,0,0,0,0,0,0,0
9106,0,-3,0,0,0,0,0,0,0
9113,0,-3,0,0,0,0,0,0,0
9120,0,-3,0,0,0,0,0,0,0
9128,0,-3,0,0,0,0,0,0,0
9135,0,-3,0,0,0,0,0,0,0
9143,0,-3,0,0,0,0,0,0,0
9150,0,-3,0,0,0,0,0,0,0
9158,0,-3,0,0,0,0,0,0,0
9166,0,-3,0,0,0,0,0,0,0
9173,0,-3,0,0,0,0,0,0,0
9180,0,-3,0,0,0,0,0,0,0
9188,0,-3,0,0,0,0,0,0,0
9195,0,-3,0,0,0,0,0,0,0
9203,0,-3,0,0,0,0,0,0,0
9210,0,-3,0,0,0,0,0,0,0
9218,0,-3,0,0,0,0,0,0,0
9225,0,-3,0,0,0,0,0,0,0
9233,0,-3,0,0,0,0,0,0,0
9241,0,-3,0,0,0,0,0,0,0
9249,0,-3,0,0,0,0,0,0,0
9256,0,-3,0,0,0,0,0,0,0
9263,0,-3,0,0,0,0,0,0,0
9270,0,-3,0,0,0,0,0,0,0
9279,0,-3,0,0,0,0,0,0,0
9286,0,-3,0,0,0,0,0,0,0
9294,0,-3,0,0,0,0,0,0,0
9302,0,-3,0,0,0,0,0,0,0
9309,0,-3,0,0,0,0,0,0,0
9318,0,-3,0,0,0,0,0,0,0
9325,0,-3,0,0,0,0,0,0,0
9333,0,-3,0,0,0,0,0,0,0
9341,0,-3,0,0,0,0,0,0,0
9348,0,-3,0,0,0,0,0,0,0
9356,0,-3,0,0,0,0,0,0,0
9363,0,-3,0,0,0,0,0,0,0
9371,0,-3,0,0,0,0,0,0,0
9378,0,-3,0,0,0,0,0,0,0
9386,0,-3,0,0,0,0,0,0,0
9393,0,-3,0,0,0,0,0,0,0
9401,0,-3,0,0,0,0,0,0,0
9408,0,-3,0,0,0,0,0,0,0
9416,0,-3,0,0,0,0,0,0,0
9423,0,-3,0,0,0,0,0,0,0
9432,0,-3,0,0,0,0,0,0,0
9439,0,-3,0,0,0,0,0,0,0
9447,0,-3,0,0,0,0,0,0,0
9454,0,-3,0,0,0,0,0,0,0
9463,0,-3,0,0,0,0,0,0,0
9471,0,-3,0,0,0,0,0,0,0
9478,0,-3,0,0,0,0,0,0,0
9486,0,-3,0,0,0,0,0,0,0
9493,0,-3,0,0,0,0,0,0,0
9501,0,-3,0,0,0,0,0,0,0
9508,0,-3,0,0,0,0,0,0,0
9516,0,-3,0,0,0,0,0,0,0
9524,0,-3,0,0,0,0,0,0,0
9531,0,-3,0,0,0,0,0,0,0
9539,0,-3,0,0,0,0,0,0,0
9547,0,-3,0,0,0,0,0,0,0
9554,0,-3,0,0,0,0,0,0,0
9563,0,-3,0,0,0,0,0,0,0
9570,0,-3,0,0,0,0,0,0,0
9578,0,-3,0,0,0,0,0,0,0
9585,0,-3,0,0,0,0,0,0,0
9593,0,-3,0,0,0,0,0,0,0
9600,0,-3,0,0,0,0,0,0,0
9608,0,-3,0,0,0,0,0,0,0
9616,0,-3,0,0,0,0,0,0,0
9623,0,-3,0,0,0,0,0,0,0
9631,0,-3,0,0,0,0,0,0,0
9638,0,-3,0,0,0,0,0,0,0
9646,0,-3,0,0,0,0,0,0,0
9654,0,-3,0,0,0,0,0,0,0
9661,0,-3,0,0,0,0,0,0,0
9669,0,-3,0,0,0,0,0,0,0
9676,0,-3,0,0,0,0,0,0,0
9683,0,-3,0,0,0,0,0,0,0
9691,0,-3,0,0,0,0,0,0,0
9698,0,-3,0,0,0,0,0,0,0
9706,0,-3,0,0,0,0,0,0,0
9716,6,-3,0,3,-2144,-3,-48,0,0
9726,17,-3,0,3,-2708,-4,-136,-1,0
9734,26,-3,0,3,-3227,-5,-208,-2,-8500
9743,35,-4,-5,3,-3735,-7,-280,-3,-26782
9753,42,-4,-28,3,-4743,-10,-336,-6,-49750
9761,52,-8,-23,3,-5022,-14,-416,-6,-108526
9771,62,-14,-89,3,-4487,-18,-496,-4,-167830
9779,70,-18,-554,3,-3598,-23,-560,-5,-200590
9788,79,-24,-572,3,-3081,-27,-600,-3,-243520
9796,87,-28,-610,3,-3109,-32,-544,-4,-268156
9805,96,-34,-560,3,-2457,-36,-472,-2,-303340
9814,105,-38,-507,3,-2407,-40,-400,-2,-322226
9823,115,-42,-436,3,-2388,-44,-320,-2,-341556
9833,123,-44,-368,3,-2406,-46,-256,-2,-357488
9842,133,-46,-330,3,-2288,-48,-176,-2,-376600
9851,142,-48,-299,3,-1873,-49,-104,-1,-395032
9859,150,-50,-271,3,-1468,-50,-40,0,-403315
9869,160,-52,-192,3,1015,-50,0,2,-403315
9878,169,-52,-192,3,1022,-50,0,2,-385587
9887,178,-52,-192,3,1030,-50,0,2,-367807
9895,186,-52,-192,3,1036,-50,0,2,-351469
9904,195,-52,-192,3,1043,-50,0,2,-333679
9913,205,-52,-192,3,1051,-50,0,2,-313671
9923,0,-52,-48,0,0,0,0,0,0
9933,0,-52,-48,0,0,0,0,0,0
9940,0,-52,-48,0,0,0,0,0,0
9949,0,-52,-48,0,0,0,0,0,0
9956,0,-52,-48,0,0,0,0,0,0
9963,0,-52,-48,0,0,0,0,0,0
9971,0,-52,-17,0,0,0,0,0,0
9978,0,-52,-17,0,0,0,0,0,0
9986,0,-52,-17,0,0,0,0,0,0
9993,0,-52,-17,0,0,0,0,0,0
10001,0,-52,-17,0,0,0,0,0,0
10008,0,-52,-17,0,0,0,0,0,0
10016,0,-52,-6,0,0,0,0,0,0
10023,0,-52,-6,0,0,0,0,0,0
10031,0,-52,-6,0,0,0,0,0,0
10038,0,-52,-6,0,0,0,0,0,0
10046,0,-52,-6,0,0,0,0,0,0
10054,0,-52,-6,0,0,0,0,0,0
10061,0,-52,-6,0,0,0,0,0,0
10068,0,-52,0,0,0,0,0,0,0
10076,0,-52,0,0,0,0,0,0,0
10083,0,-52,0,0,0,0,0,0,0
10091,0,-52,0,0,0,0,0,0,0
10099,0,-52,0,0,0,0,0,0,0
10107,0,-52,0,0,0,0,0,0,0
10114,0,-52,0,0,0,0,0,0,0
10121,0,-52,0,0,0,0,0,0,0
10130,0,-52,0,0,0,0,0,0,0
10138,0,-52,0,0,0,0,0,0,0
10145,0,-52,0,0,0,0,0,0,0
10153,0,-52,0,0,0,0,0,0,0
10161,0,-52,0,0,0,0,0,0,0
10168,0,-52,0,0,0,0,0,0,0
10176,0,-52,0,0,0,0,0,0,0
10183,0,-52,0,0,0,0,0,0,0
10191,0,-52,0,0,0,0,0,0,0
10198,0,-52,0,0,0,0,0,0,0
10206,0,-52,0,0,0,0,0,0,0
10213,0,-52,0,0,0,0,0,0,0
10220,0,-52,0,0,0,0,0,0,0
10228,0,-52,0,0,0,0,0,0,0
10235,0,-52,0,0,0,0,0,0,0
10243,0,-52,0,0,0,0,0,0,0
10251,0,-52,0,0,0,0,0,0,0
10258,0,-52,0,0,0,0,0,0,0
10266,0,-52,0,0,0,0,0,0,0
10273,0,-52,0,0,0,0,0,0,0
10281,0,-52,0,0,0,0,0,0,0
10289,0,-52,0,0,0,0,0,0,0
10296,0,-52,0,0,0,0,0,0,0
10304,0,-52,0,0,0,0,0,0,0
10311,0,-52,0,0,0,0,0,0,0
10320,0,-52,0,0,0,0,0,0,0
10328,0,-52,0,0,0,0,0,0,0
10335,0,-52,0,0,0,0,0,0,0
10343,0,-52,0,0,0,0,0,0,0
10353,0,-52,0,0,0,0,0,0,0
10360,0,-52,0,0,0,0,0,0,0
10368,0,-52,0,0,0,0,0,0,0
10375,0,-52,0,0,0,0,0,0,0
10384,0,-52,0,0,0,0,0,0,0
10391,0,-52,0,0,0,0,0,0,0
10399,0,-52,0,0,0,0,0,0,0
10406,0,-52,0,0,0,0,0,0,0
10413,0,-52,0,0,0,0,0,0,0
10421,0,-52,0,0,0,0,0,0,0
10429,0,-52,0,0,0,0,0,0,0
10437,0,-52,0,0,0,0,0,0,0
10444,0,-52,0,0,0,0,0,0,0
10453,0,-52,0,0,0,0,0,0,0
10461,0,-52,0,0,0,0,0,0,0
10468,0,-52,0,0,0,0,0,0,0
10475,0,-52,0,0,0,0,0,0,0
10483,0,-52,0,0,0,0,0,0,0
10491,0,-52,0,0,0,0,0,0,0
10498,0,-52,0,0,0,0,0,0,0
10506,0,-52,0,0,0,0,0,0,0
10513,0,-52,0,0,0,0,0,0,0
10521,0,-52,0,0,0,0,0,0,0
10528,0,-52,0,0,0,0,0,0,0
10536,0,-52,0,0,0,0,0,0,0
10544,0,-52,0,0,0,0,0,0,0
10552,0,-52,0,0,0,0,0,0,0
10560,0,-52,0,0,0,0,0,0,0
10568,0,-52,0,0,0,0,0,0,0
10575,0,-52,0,0,0,0,0,0,0
10583,0,-52,0,0,0,0,0,0,0
10591,0,-52,0,0,0,0,0,0,0
10598,0,-52,0,0,0,0,0,0,0
10606,0,-52,0,0,0,0,0,0,0
10613,0,-52,0,0,0,0,0,0,0
10621,0,-52,0,0,0,0,0,0,0
10628,0,-52,0,0,0,0,0,0,0
10636,0,-52,0,0,0,0,0,0,0
10643,0,-52,0,0,0,0,0,0,0
10650,0,-52,0,0,0,0,0,0,0
10658,0,-52,0,0,0,0,0,0,0
10666,0,-52,0,0,0,0,0,0,0
10673,0,-52,0,0,0,0,0,0,0
10681,0,-52,0,0,0,0,0,0,0
10688,0,-52,0,0,0,0,0,0,0
10696,0,-52,0,0,0,0,0,0,0
10703,0,-52,0,0,0,0,0,0,0
10713,0,-52,0,0,0,0,0,0,0
10720,0,-52,0,0,0,0,0,0,0
10728,0,-52,0,0,0,0,0,0,0
10735,0,-52,0,0,0,0,0,0,0
10743,0,-52,0,0,0,0,0,0,0
10753,0,-52,0,0,0,0,0,0,0
10760,0,-52,0,0,0,0,0,0,0
10768,0,-52,0,0,0,0,0,0,0
10775,0,-52,0,0,0,0,0,0,0
10783,0,-52,0,0,0,0,0,0,0
10790,0,-52,0,0,0,0,0,0,0
10798,0,-52,0,0,0,0,0,0,0
10806,0,-52,0,0,0,0,0,0,0
10813,0,-52,0,0,0,0,0,0,0
10821,0,-52,0,0,0,0,0,0,0
10828,0,-52,0,0,0,0,0,0,0
10835,0,-52,0,0,0,0,0,0,0
10843,0,-52,0,0,0,0,0,0,0
10851,0,-52,0,0,0,0,0,0,0
10859,0,-52,0,0,0,0,0,0,0
10866,0,-52,0,0,0,0,0,0,0
10873,0,-52,0,0,0,0,0,0,0
10881,0,-52,0,0,0,0,0,0,0
10888,0,-52,0,0,0,0,0,0,0
10896,0,-52,0,0,0,0,0,0,0
10904,0,-52,0,0,0,0,0,0,0
10911,0,-52,0,0,0,0,0,0,0
10918,0,-52,0,0,0,0,0,0,0
10926,0,-52,0,0,0,0,0,0,0
10937,7,-52,0,3,-2168,-52,-56,0,0
10946,17,-52,0,3,-2708,-53,-136,-1,0
10955,25,-52,0,3,-3203,-54,-200,-2,-8742
10964,35,-52,0,3,-4050,-56,-280,-4,-27474
10973,44,-54,-19,3,-4524,-59,-352,-5,-63274
10981,52,-56,-30,3,-5300,-63,-416,-7,-105609
10990,61,-60,-376,3,-4502,-67,-488,-7,-165970
10998,69,-66,-387,3,-4083,-71,-552,-5,-222978
11008,79,-72,-580,3,-3368,-76,-600,-4,-272738
11016,87,-76,-586,3,-3820,-82,-552,-6,-306970
11025,96,-82,-581,3,-3039,-86,-480,-4,-355264
11034,105,-86,-554,3,-2919,-90,-408,-4,-393216
11044,115,-90,-511,3,-2524,-93,-328,-3,-433640
11053,125,-94,-462,3,-2142,-96,-248,-2,-461720
11063,133,-96,-358,3,-2269,-98,-184,-2,-478794
11071,142,-100,-313,3,-1295,-99,-112,1,-496618
11081,152,-100,-313,3,-1351,-100,-32,0,-486565
11090,161,-102,-168,3,910,-100,0,2,-486565
11099,170,-102,-168,3,917,-100,0,2,-469693
11107,178,-102,-168,3,923,-100,0,2,-453301
11116,187,-102,-168,3,930,-100,0,2,-435183
11124,195,-102,-168,3,937,-100,0,2,-418235
11134,205,-102,-168,3,945,-100,0,2,-398485
11144,0,-102,-45,0,0,0,0,0,0
11154,0,-102,-45,0,0,0,0,0,0
11164,0,-102,-45,0,0,0,0,0,0
11171,0,-102,-45,0,0,0,0,0,0
11179,0,-102,-45,0,0,0,0,0,0
11187,0,-102,-17,0,0,0,0,0,0
11195,0,-102,-17,0,0,0,0,0,0
11204,0,-102,-17,0,0,0,0,0,0
11213,0,-102,-17,0,0,0,0,0,0
11221,0,-102,-17,0,0,0,0,0,0
11228,0,-102,-17,0,0,0,0,0,0
11236,0,-102,-17,0,0,0,0,0,0
11243,0,-102,-6,0,0,0,0,0,0
11253,0,-102,-6,0,0,0,0,0,0
11260,0,-102,-6,0,0,0,0,0,0
11267,0,-102,-6,0,0,0,0,0,0
11275,0,-102,-6,0,0,0,0,0,0
11283,0,-102,-6,0,0,0,0,0,0
11291,0,-102,0,0,0,0,0,0,0
11298,0,-102,0,0,0,0,0,0,0
11306,0,-102,0,0,0,0,0,0,0
11313,0,-102,0,0,0,0,0,0,0
11321,0,-102,0,0,0,0,0,0,0
11329,0,-102,0,0,0,0,0,0,0
11336,0,-102,0,0,0,0,0,0,0
11343,0,-102,0,0,0,0,0,0,0
11351,0,-102,0,0,0,0,0,0,0
11358,0,-102,0,0,0,0,0,0,0
11366,0,-102,0,0,0,0,0,0,0
11373,0,-102,0,0,0,0,0,0,0
11381,0,-102,0,0,0,0,0,0,0
11389,0,-102,0,0,0,0,0,0,0
11396,0,-102,0,0,0,0,0,0,0
11403,0,-102,0,0,0,0,0,0,0
11411,0,-102,0,0,0,0,0,0,0
11419,0,-102,0,0,0,0,0,0,0
11426,0,-102,0,0,0,0,0,0,0
11433,0,-102,0,0,0,0,0,0,0
11442,0,-102,0,0,0,0,0,0,0
11449,0,-102,0,0,0,0,0,0,0
11456,0,-102,0,0,0,0,0,0,0
11464,0,-102,0,0,0,0,0,0,0
11471,0,-102,0,0,0,0,0,0,0
11480,0,-102,0,0,0,0,0,0,0
11487,0,-102,0,0,0,0,0,0,0
11494,0,-102,0,0,0,0,0,0,0
11503,0,-102,0,0,0,0,0,0,0
11510,0,-102,0,0,0,0,0,0,0
11518,0,-102,0,0,0,0,0,0,0
11525,0,-102,0,0,0,0,0,0,0
11533,0,-102,0,0,0,0,0,0,0
11540,0,-102,0,0,0,0,0,0,0
11548,0,-102,0,0,0,0,0,0,0
11556,0,-102,0,0,0,0,0,0,0
11563,0,-102,0,0,0,0,0,0,0
11571,0,-102,0,0,0,0,0,0,0
11578,0,-102,0,0,0,0,0,0,0
11585,0,-102,0,0,0,0,0,0,0
11594,0,-102,0,0,0,0,0,0,0
11601,0,-102,0,0,0,0,0,0,0
11608,0,-102,0,0,0,0,0,0,0
11616,0,-102,0,0,0,0,0,0,0
11623,0,-102,0,0,0,0,0,0,0
11631,0,-102,0,0,0,0,0,0,0
11639,0,-102,0,0,0,0,0,0,0
11649,0,-102,0,0,0,0,0,0,0
11656,0,-102,0,0,0,0,0,0,0
11664,0,-102,0,0,0,0,0,0,0
11673,0,-102,0,0,0,0,0,0,0
11680,0,-102,0,0,0,0,0,0,0
11687,0,-102,0,0,0,0,0,0,0
11695,0,-102,0,0,0,0,0,0,0
11703,0,-102,0,0,0,0,0,0,0
11711,0,-102,0,0,0,0,0,0,0
11718,0,-102,0,0,0,0,0,0,0
11726,0,-102,0,0,0,0,0,0,0
11733,0,-102,0,0,0,0,0,0,0
11741,0,-102,0,0,0,0,0,0,0
11749,0,-102,0,0,0,0,0,0,0
11756,0,-102,0,0,0,0,0,0,0
11763,0,-102,0,0,0,0,0,0,0
11771,0,-102,0,0,0,0,0,0,0
11778,0,-102,0,0,0,0,0,0,0
11786,0,-102,0,0,0,0,0,0,0
11793,0,-102,0,0,0,0,0,0,0
11801,0,-102,0,0,0,0,0,0,0
11808,0,-102,0,0,0,0,0,0,0
11816,0,-102,0,0,0,0,0,0,0
11824,0,-102,0,0,0,0,0,0,0
11831,0,-102,0,0,0,0,0,0,0
11838,0,-102,0,0,0,0,0,0,0
11845,0,-102,0,0,0,0,0,0,0
11853,0,-102,0,0,0,0,0,0,0
11861,0,-102,0,0,0,0,0,0,0
11868,0,-102,0,0,0,0,0,0,0
11876,0,-102,0,0,0,0,0,0,0
11883,0,-102,0,0,0,0,0,0,0
11891,0,-102,0,0,0,0,0,0,0
11899,0,-102,0,0,0,0,0,0,0
11906,0,-102,0,0,0,0,0,0,0
11914,0,-102,0,0,0,0,0,0,0
11921,0,-102,0,0,0,0,0,0,0
11930,0,-102,0,0,0,0,0,0,0
11937,0,-102,0,0,0,0,0,0,0
11944,0,-102,0,0,0,0,0,0,0
11953,0,-102,0,0,0,0,0,0,0
11960,0,-102,0,0,0,0,0,0,0
11968,0,-102,0,0,0,0,0,0,0
11976,0,-102,0,0,0,0,0,0,0
11984,0,-102,0,0,0,0,0,0,0
11991,0,-102,0,0,0,0,0,0,0
12000,0,-102,0,0,0,0,0,0,0
12008,0,-102,0,0,0,0,0,0,0
12015,0,-102,0,0,0,0,0,0,0
12023,0,-102,0,0,0,0,0,0,0
12030,0,-102,0,0,0,0,0,0,0
12040,0,-102,0,0,0,0,0,0,0
12048,0,-102,0,0,0,0,0,0,0
12055,0,-102,0,0,0,0,0,0,0
12063,0,-102,0,0,0,0,0,0,0
12073,0,-102,0,0,0,0,0,0,0
12080,0,-102,0,0,0,0,0,0,0
12087,0,-102,0,0,0,0,0,0,0
12095,0,-102,0,0,0,0,0,0,0
12103,0,-102,0,0,0,0,0,0,0
12110,0,-102,0,0,0,0,0,0,0
12118,0,-102,0,0,0,0,0,0,0
12125,0,-102,0,0,0,0,0,0,0
12133,0,-102,0,0,0,0,0,0,0
12141,0,-102,0,0,0,0,0,0,0
12149,0,-102,0,0,0,0,0,0,0
12159,8,-102,0,3,2492,-101,64,1,0
12168,17,-102,0,3,3011,-100,136,2,9158
12176,25,-101,5,3,3188,-99,200,2,9158
12185,33,-100,30,3,3605,-97,264,3,9158
12194,43,-97,24,3,3875,-94,344,3,38249
12203,51,-93,277,3,3017,-91,408,2,62615
12213,63,-87,442,3,2520,-86,504,1,85655
12223,71,-83,518,3,2787,-81,568,2,93865
12233,80,-77,514,3,2602,-76,600,1,112271
12241,90,-73,499,3,3203,-70,584,3,122415
12251,100,-69,488,3,3308,-65,504,4,151638
12259,108,-63,502,3,2487,-61,440,2,183878
12267,116,-59,520,3,1947,-58,376,1,199818
12276,124,-55,519,3,1461,-55,312,0,207782
12286,135,-51,485,3,999,-52,224,-1,207782
12294,143,-49,453,3,900,-50,160,-1,199327
12303,152,-45,338,3,126,-49,88,-4,190655
12313,161,-45,338,3,-105,-49,16,-4,154111
12323,171,-43,262,3,-2841,-50,0,-7,114707
12330,180,-43,262,3,-2865,-50,0,-7,53233
12338,188,-43,262,3,-2886,-50,0,-7,-1724
12348,0,-44,44,0,0,0,0,0,0
12357,0,-44,44,0,0,0,0,0,0
12365,0,-44,44,0,0,0,0,0,0
12373,0,-44,44,0,0,0,0,0,0
12381,0,-44,44,0,0,0,0,0,0
12388,0,-44,44,0,0,0,0,0,0
12396,0,-44,44,0,0,0,0,0,0
12403,0,-44,10,0,0,0,0,0,0
12411,0,-44,10,0,0,0,0,0,0
12419,0,-44,10,0,0,0,0,0,0
12427,0,-44,10,0,0,0,0,0,0
12434,0,-44,10,0,0,0,0,0,0
12443,0,-44,10,0,0,0,0,0,0
12450,0,-44,0,0,0,0,0,0,0
12459,0,-44,0,0,0,0,0,0,0
12467,0,-44,0,0,0,0,0,0,0
12474,0,-44,0,0,0,0,0,0,0
12483,0,-44,0,0,0,0,0,0,0
12490,0,-44,0,0,0,0,0,0,0
12498,0,-44,-5,0,0,0,0,0,0
12505,0,-44,-5,0,0,0,0,0,0
12513,0,-44,-5,0,0,0,0,0,0
12521,0,-44,-5,0,0,0,0,0,0
12528,0,-44,-5,0,0,0,0,0,0
12536,0,-44,-5,0,0,0,0,0,0
12544,0,-44,-5,0,0,0,0,0,0
12551,0,-44,0,0,0,0,0,0,0
12558,0,-44,0,0,0,0,0,0,0
12565,0,-44,0,0,0,0,0,0,0
12573,0,-44,0,0,0,0,0,0,0
12580,0,-44,0,0,0,0,0,0,0
12588,0,-44,0,0,0,0,0,0,0
12595,0,-44,0,0,0,0,0,0,0
12603,0,-44,0,0,0,0,0,0,0
12613,0,-44,0,0,0,0,0,0,0
12620,0,-44,0,0,0,0,0,0,0
12627,0,-44,0,0,0,0,0,0,0
12634,0,-44,0,0,0,0,0,0,0
12643,0,-44,0,0,0,0,0,0,0
12650,0,-44,0,0,0,0,0,0,0
12658,0,-44,0,0,0,0,0,0,0
12666,0,-44,0,0,0,0,0,0,0
12673,0,-44,0,0,0,0,0,0,0
12681,0,-44,0,0,0,0,0,0,0
12689,0,-44,0,0,0,0,0,0,0
12696,0,-44,0,0,0,0,0,0,0
12703,0,-44,0,0,0,0,0,0,0
12711,0,-44,0,0,0,0,0,0,0
12718,0,-44,0,0,0,0,0,0,0
12726,0,-44,0,0,0,0,0,0,0
12733,0,-44,0,0,0,0,0,0,0
12743,0,-44,0,0,0,0,0,0,0
12750,0,-44,0,0,0,0,0,0,0
12758,0,-44,0,0,0,0,0,0,0
12765,0,-44,0,0,0,0,0,0,0
12773,0,-44,0,0,0,0,0,0,0
12780,0,-44,0,0,0,0,0,0,0
12788,0,-44,0,0,0,0,0,0,0
12796,0,-44,0,0,0,0,0,0,0
12803,0,-44,0,0,0,0,0,0,0
12810,0,-44,0,0,0,0,0,0,0
12818,0,-44,0,0,0,0,0,0,0
12825,0,-44,0,0,0,0,0,0,0
12834,0,-44,0,0,0,0,0,0,0
12841,0,-44,0,0,0,0,0,0,0
12848,0,-44,0,0,0,0,0,0,0
12856,0,-44,0,0,0,0,0,0,0
12864,0,-44,0,0,0,0,0,0,0
12873,0,-44,0,0,0,0,0,0,0
12880,0,-44,0,0,0,0,0,0,0
12888,0,-44,0,0,0,0,0,0,0
12895,0,-44,0,0,0,0,0,0,0
12904,0,-44,0,0,0,0,0,0,0
12911,0,-44,0,0,0,0,0,0,0
12918,0,-44,0,0,0,0,0,0,0
12926,0,-44,0,0,0,0,0,0,0
12933,0,-44,0,0,0,0,0,0,0
12942,0,-44,0,0,0,0,0,0,0
12949,0,-44,0,0,0,0,0,0,0
12956,0,-44,0,0,0,0,0,0,0
12963,0,-44,0,0,0,0,0,0,0
12971,0,-44,0,0,0,0,0,0,0
12979,0,-44,0,0,0,0,0,0,0
12986,0,-44,0,0,0,0,0,0,0
12994,0,-44,0,0,0,0,0,0,0
13001,0,-44,0,0,0,0,0,0,0
13008,0,-44,0,0,0,0,0,0,0
13016,0,-44,0,0,0,0,0,0,0
13023,0,-44,0,0,0,0,0,0,0
13030,0,-44,0,0,0,0,0,0,0
13038,0,-44,0,0,0,0,0,0,0
13045,0,-44,0,0,0,0,0,0,0
13053,0,-44,0,0,0,0,0,0,0
13061,0,-44,0,0,0,0,0,0,0
13068,0,-44,0,0,0,0,0,0,0
13075,0,-44,0,0,0,0,0,0,0
